  PID
    1
    2
    4
    6
    7
    8
    9
   10
   11
   12
   13
   14
   15
   16
   18
   19
   20
   21
   22
   24
   25
   26
   27
   28
   30
   31
   32
   33
   34
   36
   37
   38
   39
   40
   42
   43
   44
   45
   46
   48
   49
   50
   51
   52
   54
   55
   56
   57
   58
   60
   61
   62
   63
   64
   66
   67
   68
   69
   70
   72
   73
   74
   75
   76
   78
   79
   80
   81
   82
   85
   86
   87
   88
   89
   90
   91
   92
   93
  104
  105
  106
  107
  108
  111
  112
  113
  155
  156
  160
  169
  190
  243
  244
  245
  246
  247
  248
  249
  250
  254
  255
  258
  259
  260
  261
  262
  266
  288
  289
  291
  292
  320
  325
  334
  342
  376
  415
  419
  489
  551
  631
  682
  887
  984
 1033
 1062
 1081
 1085
 1213
 1214
 1218
 1221
 1249
 1365
 1370
 1407
 1424
 1551
 1569
 1573
 1605
 1630
 1689
 1764
 1798
 1822
 1836
 2003
 2004
 2005
 2006
 2008
 2010
 2129
 2134
 2164
 2294
 2322
 2323
 2408
 2721
 2722
 3112
 3326
 3360
 4303
 4436
 4472
 4499
 4501
 4502
 4524
 4540
 4554
 4585
 4601
 4635
 4654
 4693
 4765
 4816
 4910
 5027
 6360
 6439
 7151
 7164
 7166
 7362
 7430
 7431
 7517
 7597
 7616
 7668
 7875
 7907
 9182
 9196
 9260
 9366
 9368
 9441
 9449
 9461
 9480
 9486
 9487
 9498
 9519
 9523
 9532
 9535
 9542
 9545
 9547
 9554
 9562
 9572
 9574
 9582
 9591
 9612
 9641
 9642
 9643
 9647
 9649
 9653
 9655
 9656
 9664
 9693
 9707
 9723
 9751
 9756
 9759
 9760
 9761
 9775
 9791
 9819
 9828
 9834
 9840
 9850
 9855
 9882
 9884
 9908
 9960
 9998
10112
10135
10141
10152
10504
10644
10907
11277
11278
11461
11469
11538
11551
11597
11647
11676
11823
12507
12512
12540
12699
13406
13567
13672
13724
13732
13735
13736
13739
13744
13760
13804
14178
14840
14866
15574
15881
15903
15954
16154
16163
16168
16204
16259
17072
17131
17155
17165
17169
17187
17250
17260
17277
17288
17289
17312
17320
17338
17346
17347
17363
17364
18463
19595
24767
25057
26291
26487
26689
26912
26955
26962
28270
28282
28284
28285
29113
29245
29278
29387
30784
30862
32325
