0 8188 10884 
4 4344 4344 
5 4344 4344 
7 4344 4344 
50 4344 4344 
74 1291 1291 1291 
84 4344 4344 
85 4344 4344 
88 12627 12627 
139 4344 4344 
142 4344 4344 
205 284 284 284 284 
218 284 284 284 284 
221 1396 1396 
225 284 284 284 
254 1396 1396 
92 12627 12627 12627 
264 8188 8188 8188 
275 1396 1396 1396 
276 4344 4344 
280 4344 4344 4344 
294 10123 10123 
312 500 6096 4184 313 
327 10343 10343 
271 1396 1396 1962 
336 4344 4344 
345 10397 10397 10397 10397 
382 9332 9332 
401 1843 1843 1843 
402 1843 1843 
403 1838 
426 1838 
428 9332 9332 
437 1838 1838 1838 
439 1838 1838 1838 
441 1838 1838 1838 
443 10343 10343 
444 1421 
453 1224 
458 1291 1291 1291 1291 
465 13027 13027 13027 
468 2447 2447 2447 
493 7638 7638 
496 1683 1683 1683 
502 8796 8796 
508 12451 
513 378 
528 9332 9332 
532 1838 
534 1396 1396 
557 4344 4344 
574 1962 1962 4344 4344 4344 
586 9955 9955 9955 
631 1421 1421 8796 8796 8796 
658 4344 4344 
661 9332 9332 
700 12991 12991 
753 7638 7638 10343 10343 10343 
772 539 
778 284 284 284 
782 4344 4344 4344 4344 
788 10343 10343 
795 1396 1396 
797 10123 10123 
799 9332 9332 9332 
814 284 284 284 
896 1291 1291 1291 1291 
897 9332 9332 
900 1683 1683 1683 
936 4344 4344 
937 1396 1396 
950 4344 4344 
966 1838 13691 
979 1962 1962 1962 
980 1962 1962 4344 4344 4344 
25 284 284 
885 11412 11412 4344 
982 1962 1962 1962 
983 1962 1962 1962 
993 10123 10123 10123 
996 1962 1962 4344 4344 4344 
1011 539 539 539 
1013 1838 1838 1838 
1015 12627 12627 12627 
1037 12508 12508 12508 
1043 1962 1962 4344 4344 4344 
1046 1962 1962 4344 4344 4344 
1047 1962 1962 4344 4344 4344 
1050 14256 14256 14256 14256 
1060 10343 10343 
1065 4344 4344 
1075 1838 1838 1838 
1080 1396 1396 
1084 8188 8188 8188 
1087 9611 9611 9611 
1090 1962 1962 
1094 1838 1838 1838 
1097 4344 4344 
1100 15968 15968 15968 
1123 9332 9332 
1128 9332 9332 
1134 1962 1962 
1147 1421 
1170 1843 
1180 14147 14147 
1181 4344 4344 
1186 9332 9332 
1205 12451 12451 
1231 10343 10343 
1254 1838 389 
9098 10123 10123 10123 10123 
14882 4344 4344 
9150 1396 1396 
9167 1396 1396 1962 
9173 9955 
9193 1683 1683 1683 1683 
5013 14147 14147 
9214 12627 14256 
9221 14256 12508 
7055 10343 
6160 9611 9611 
9245 10397 10397 10397 
5460 10343 10343 9332 9332 
9282 1396 1396 
9288 7638 7638 10343 10343 10343 
7696 14147 14147 
3224 1396 1396 1962 
9322 10343 
7292 10343 10343 9332 9332 9332 
4233 8796 8796 1962 1962 4344 4344 4344 
9329 6004 6004 6004 
9355 1421 1421 8796 8796 8796 
9360 1421 
11064 7638 7638 10343 10343 10343 
9421 7638 
10298 10397 10397 10397 10397 
9435 10343 10343 9332 9332 9332 
3578 1396 1396 
9460 9332 9332 
12493 12627 12627 
9461 7280 7280 
9475 1291 1291 1291 
14238 4344 4344 
9513 1396 1396 
9523 1396 1396 
9551 9332 9332 
9483 10343 10343 10343 
7217 8188 8188 8188 
9570 1396 1396 
9572 1421 1421 8796 8796 8796 
14741 4344 4344 
9598 10343 10343 
9602 10343 10343 9332 9332 9332 
9618 9955 9955 9955 
9522 1683 1683 
15847 15732 
9635 1618 8782 11784 14662 14632 645 7212 7212 11423 3318 16081 12298 14662 12178 12178 2805 10002 8782 12298 12178 7212 4057 1049 1926 1926 5456 7731 645 7212 3318 1618 5965 4057 4057 8782 12178 12178 1826 3318 2634 12298 3318 1618 1926 5737 11597 14662 14662 14662 15905 16081 8782 7731 6066 1618 7212 4395 7731 13682 1926 1618 14632 14632 14632 14632 5847 3318 3318 13482 14225 1754 7731 7731 7731 1926 1926 3318 14662 7212 14632 1926 10338 10079 7212 12298 7212 11355 7212 1618 12178 12298 7212 3318 4057 12298 12298 4057 13383 12178 12178 16081 9643 5144 2599 8782 8234 3827 8782 3318 8782 4057 12178 12178 12298 12178 8782 14632 7536 10013 14632 14662 14662 12298 7731 12178 4057 14632 5750 3318 6675 5534 14662 5684 8782 8782 2421 3318 8782 4057 3318 7212 7731 14662 7404 13570 9092 11394 11066 5172 11412 7212 1618 4553 10928 7212 6696 464 12178 4675 4264 4057 4057 4057 4057 1618 3318 1618 4057 3318 13020 1618 14632 1926 1926 1926 1618 7731 1926 1926 1543 12298 14662 4147 1618 1618 4971 14662 12298 1618 378 8782 7212 301 4057 1618 7212 15905 960 13089 188 14632 7212 8782 7731 1926 12298 3318 4057 4057 12178 8782 12178 14662 14662 7731 1618 1618 7212 14662 1926 
7420 10343 10343 9332 9332 9332 
2165 8796 8796 1962 4344 1962 4344 4344 
981 1962 1962 1962 
9638 1421 
2369 8796 8796 
9674 6004 6004 6004 
1602 4969 4969 4969 
9698 1421 1421 8796 8796 8796 
2003 4344 4344 
1287 1962 1962 4344 4344 4344 
9743 1421 
12592 14256 14256 14256 14256 
13628 4344 4344 
14929 4344 4344 
14927 4344 4344 
14983 4344 4344 
4891 9955 7036 
1756 10343 
9828 12451 12451 12451 
9844 8188 
5199 13482 
9922 284 284 284 
13441 10343 10343 9332 9332 9332 
9980 9332 9332 
6165 10343 10343 
9985 1396 1396 1962 
4787 12627 12627 
10025 6696 11412 10338 
8292 1421 
10027 14256 14256 14256 14256 
4834 1962 1962 4344 4344 4344 
985 1396 1396 1962 
1513 1838 1838 1838 
10048 4344 4344 
11560 10343 10343 9332 9332 9332 
10054 1421 1421 8796 8796 8796 
6390 10397 10397 10397 
10058 1396 1396 1962 
10124 12451 12451 
10940 9332 9332 
10138 9332 9332 
10143 10343 10343 
10924 10123 10123 10123 10123 
9558 7638 7638 10343 10343 10343 
11501 9332 9332 
10175 12991 
2847 1396 1396 1962 
9725 15968 15968 15968 
7437 10343 
10182 4344 4344 
9180 6189 6189 6189 
11356 9332 9332 
10204 10123 10123 10123 10123 
6295 4344 4344 
10412 10343 
10217 1421 
14921 4344 4344 
3621 1396 1396 1962 
10219 9332 9332 
9330 7638 7638 10343 10343 10343 
15789 5597 5597 5597 
10052 1291 12627 
6644 6004 
2999 8796 8796 
3900 1396 1396 
10223 1421 1421 8796 8796 8796 
2933 1396 1396 1962 
10280 10343 10343 
9813 10123 10123 10123 10123 
11171 4344 4344 
15648 14662 16081 
10300 10343 10343 
13949 14256 14256 
4231 9332 9332 
10318 14147 14147 
9981 10343 10343 
10319 7638 7638 10343 10343 10343 
10336 9332 9332 
13039 14147 14147 
10353 4344 4344 
8829 10123 10123 
10340 7638 7638 
11011 10123 10123 
9714 7280 
6078 10343 10343 9332 9332 
5164 14147 14147 14147 
10373 1962 1962 4344 4344 4344 
203 284 284 284 284 
10398 1683 1683 1683 
10402 9332 9332 
10430 10506 10506 10506 
5537 8796 1962 8796 4344 4344 4344 1962 1962 
4185 12508 12508 12508 12508 
10434 9332 9332 
12142 1291 1291 1291 1291 
9222 10343 10343 
10439 4344 4344 
10448 1396 1396 1962 
10471 13020 
10815 9332 9332 
10134 10343 
10516 9332 9332 
9350 10397 10397 
4631 10506 
3171 1396 1396 1962 
10114 12991 
10534 14147 14147 
2567 1224 1224 1224 
10549 9332 9332 
10555 9332 9332 
10556 9332 9332 
10559 10343 
12417 9332 9332 
8968 1396 1396 
4312 13788 11877 13788 
10588 13085 13085 13085 
10601 10123 10123 10123 10123 
12199 12451 12451 
10603 10123 10123 10123 10123 
6219 13085 
10709 12625 
11431 1396 1396 
15021 4344 4344 
9576 6189 
10715 7638 7638 10343 10343 10343 
10524 10343 
4657 4344 4344 
14099 8525 
8303 1291 1291 1291 1291 
9996 10123 10123 
14965 4344 4344 
8338 10343 
7282 1421 1421 8796 8796 
10799 1396 1396 
10199 4344 4344 
10833 9955 9955 9955 
10852 5597 5597 5597 
15692 539 
3035 4344 4344 
8815 10343 10343 9332 9332 9332 
7308 10343 10343 9332 9332 9332 
10907 4344 4344 
77 4344 4344 
10908 10397 10397 
10934 14256 14256 14256 
10944 10343 10343 
9268 10343 10343 
11474 1396 1396 
9217 9332 9332 
1117 1962 
14517 4344 4344 
11007 10123 1291 
11008 10343 10343 
10407 9332 9332 
11148 1396 6696 4344 11412 378 8796 7577 8796 4344 1962 
8202 9332 9332 
5842 10506 10506 10506 
11009 10123 10123 10123 
11010 10123 10123 10123 
12261 1396 1396 1962 
9707 1421 
2714 1962 1962 4344 4344 4344 
2659 15968 15968 15968 
6298 10343 10343 9332 9332 
11121 4344 4344 
14563 4344 4344 
4628 14147 14147 
11195 7638 7638 
11212 7638 7638 10343 10343 10343 
11226 4344 4344 
11519 6675 5534 
6 4344 4344 
5166 14147 14147 
10825 9332 9332 
12589 9332 9332 
11234 1396 1396 
11288 10123 10123 10123 
16066 15968 
11290 10343 10343 
2222 2447 2447 
11306 10343 
3362 1396 1396 
11308 14147 14147 
11938 10343 10343 9332 9332 
11208 8525 8525 8525 
4692 1962 1962 4344 4344 
3117 1396 1396 1962 
1091 15968 15968 15968 
11310 1421 
13657 10397 10397 10397 10397 
8318 10343 10343 
11331 14256 14256 14256 14256 
9637 10343 10343 9332 9332 9332 
8712 10397 10123 
2879 3963 539 519 519 
12310 10002 
3496 1962 1962 4344 4344 4344 
11350 4344 4344 
12293 8525 2030 
6723 1421 1421 8796 8796 8796 
9799 13020 
8167 1421 
10587 1421 
10962 10343 
2592 4344 4344 
11373 4344 4344 
15025 5597 5597 5597 
11052 10123 10123 10123 
11403 12541 12541 12541 
11444 14147 14147 
10736 284 
11450 6004 6004 6004 
11459 8775 7262 8775 
4809 10506 10506 
10376 10343 10343 
5608 9611 
11464 1421 
2169 8796 8796 
83 4344 4344 
11481 5597 5597 5597 
12898 9332 9332 
12614 7638 7638 10343 10343 10343 
3706 1396 1396 
11547 8188 8188 8188 
2737 6004 
11551 1421 
11553 14147 14147 
15704 5597 
9313 9611 12451 10884 
4490 960 960 960 
11554 10343 10343 
7066 5534 
11565 12991 12991 12991 
9454 10506 
11482 9332 9332 
6640 10343 
7385 10343 10343 
11640 10343 10343 9332 9332 
10787 1421 
15853 3985 
11652 14256 14256 
4015 10885 
11671 12625 12625 
155 4344 4344 
9175 10343 10343 
11700 12451 12451 12451 
12712 12627 12627 
1935 9332 9332 
9102 12625 9611 9238 
9975 9332 9332 
4023 10343 10343 9332 9332 9332 
11704 8525 8525 8525 
11767 10343 10343 10343 
16083 15968 15968 
3454 4344 4344 
13900 9332 9332 
7009 4344 4344 
11782 1421 
9364 9332 9332 
6353 12625 12625 12625 
13650 7096 4916 9238 9238 
11791 15968 15968 15968 
6077 10343 10343 9332 9332 
11470 10343 10343 
3377 1396 1396 
8989 4344 4344 
11810 8188 8188 8188 
10157 16081 6675 13482 10338 5534 6696 13020 10002 10002 11412 14662 378 960 
4090 10397 10397 10397 10397 
11811 12508 12508 
9777 10397 10397 10397 
11812 1421 
12219 9332 9332 
11819 12991 12991 12991 
9846 10343 10343 9332 9332 9332 
11837 9332 9332 
11847 10343 10343 
10230 1026 1026 1026 
3332 1421 
14923 4344 4344 
1960 11412 
11867 4344 4344 
11869 9332 9332 
223 284 284 
11870 8525 10506 
15739 5597 5597 5597 
11939 10343 10343 
2291 9332 9332 
10361 12991 12991 12991 
11942 1396 1396 1962 
11950 10343 10343 
9936 9332 9332 
11960 1291 1291 1291 1291 
13278 9332 9332 
7184 10343 
9947 9332 9332 
11074 14256 14256 14256 
11973 10343 10343 9332 9332 9332 
11975 12451 
1327 1962 1962 4344 4344 4344 
11323 9332 9332 
9197 9332 9332 
12014 1396 1396 
6116 4344 4344 
12018 1838 1838 1838 
14851 4344 4344 
12030 8525 14202 
11273 13020 13020 13020 
12035 1838 1838 1838 
6828 7638 7638 
12105 10397 10397 
12112 14147 14147 
6148 10343 
10238 1421 1421 8796 8796 8796 
14890 4344 4344 
11608 10506 
10935 10343 10343 
11473 7638 7638 7638 
7969 1291 1291 
3646 1396 1396 
2898 1396 1396 1396 
12186 9332 9332 
10802 7638 7638 
12234 8525 8525 8525 
12240 10343 10343 
14916 4344 4344 
12248 8525 
12243 10397 10397 10397 
12253 4344 4344 
11999 14256 14256 
12021 2447 2447 
4481 4969 
28 4344 4344 
10380 10123 10123 
12257 1421 
9719 10343 10343 9332 9332 
3514 1396 1396 
3401 10885 
12266 12508 2447 
12301 9332 9332 
10865 8188 
9254 1421 1421 8796 8796 8796 
13683 14147 14147 
8538 1291 1291 1291 1291 
12319 8796 8796 
4161 1396 1396 
12328 4344 4344 
5212 1396 1396 1396 
13706 9332 9332 9332 
4935 1396 1396 
11848 10343 10343 10343 
8006 10397 10397 10397 
7936 7756 7262 14236 11746 8775 7445 7262 7262 7262 
11054 1421 
12345 11412 11412 11412 
12370 1962 1962 4344 4344 4344 
9641 1396 1396 
12386 12451 12451 
6990 10343 10343 9332 9332 
4933 12991 
3089 12508 12508 
1809 10343 10343 9332 9332 9332 
12013 14256 14256 14256 
12401 9332 9332 
8256 1838 1838 1838 
12405 12627 12627 12627 
8798 9332 9332 
9783 10343 10343 
11204 10343 10343 9332 9332 
12414 9332 9332 
14389 1838 6221 6221 5894 1916 
14190 10506 10506 10506 
9219 4344 4344 
2230 8796 8796 
14196 4344 4344 
13588 9332 9332 
13867 14209 4634 14209 
7857 1291 1291 1291 1291 
9305 10343 10343 
13293 4344 4344 
14232 12627 12627 12627 
14565 4344 4344 
3075 1396 1396 1962 
14211 10506 10506 10506 
7229 1421 1421 8796 8796 8796 
13899 9332 9332 
13579 1962 1962 4344 4344 4344 
14450 4344 4344 
13643 9332 9332 
3563 4344 4344 
7811 1421 
9562 9955 
14724 4344 4344 
14837 4344 4344 
14130 10123 10123 10123 10123 
6767 10343 10343 
11885 9955 9955 9955 
9624 6189 6189 
76 4344 4344 
9088 9611 9611 9611 
12861 10343 10343 
12229 8188 8188 8188 
11508 1421 
14348 14256 14256 14256 
7785 10343 10343 
5010 14147 14147 
2448 2447 2447 
15091 4344 4344 
10322 10343 10343 9332 9332 9332 
14263 10343 10343 
11976 7096 7096 7096 
16094 11094 
14429 4344 4344 
14888 4344 4344 
14013 10343 10343 
9466 10343 10343 
1738 1683 1683 1683 1683 
9266 1421 
13437 14256 14256 14256 
11347 7638 7638 10343 10343 10343 
6350 10343 10343 
12351 14256 14256 
768 9332 9332 
3826 9332 9332 9332 
2223 2447 2447 
1280 1962 1962 4344 4344 4344 
12674 12625 12625 
9814 12991 12991 12991 
5472 8796 8796 
1118 1962 
11484 4344 4344 4344 
7976 12627 12627 
12091 14147 14147 
14480 4344 4344 
2373 8796 8796 
9747 1396 1396 
14189 10506 
14548 4344 4344 
13072 9332 9332 
6772 10506 10506 10506 
13763 12451 12451 12451 
12588 9332 9332 
13842 9332 9332 9332 
14560 4344 4344 
15101 10885 10885 
14182 14256 14256 14256 14256 
8790 8188 
7730 10123 10123 10123 
1701 10002 10002 7638 
12315 4344 4344 4344 4344 
10938 12508 2447 
13486 9332 9332 
15910 10872 10872 10872 
14384 14147 14147 
12471 12508 12508 
11610 14147 14147 
1661 1683 284 
14666 5597 5597 5597 
12950 12281 12281 12281 
767 9332 9332 
10296 8525 10595 
4237 6530 6530 
13147 12451 12451 
15211 4344 4344 
313 6096 
14672 4344 4344 
2376 8796 8796 
24 284 284 
1764 10343 
9757 12627 12627 12627 12627 
8328 7638 7638 
7386 9332 10343 10343 9332 9332 9332 
14448 4344 4344 
6663 12627 12627 12627 
12795 9332 9332 
14742 4344 4344 
8435 15968 5597 15968 
4178 4344 4344 
14566 4344 4344 
14764 4344 4344 
15097 10885 10885 10885 
9544 12625 12625 
15036 4344 4344 
12469 10123 10123 
3360 1396 1396 
14765 4344 4344 
9671 12991 12991 12991 
14427 4344 4344 
12046 4344 4344 
9211 9332 9332 
8878 1421 1421 8796 8796 8796 
14828 4344 4344 
14251 8796 1962 8796 4344 1962 4344 4344 
11840 12508 12508 
14852 4344 4344 
13700 9332 9332 
2958 1396 1396 1396 
14886 4344 4344 
13071 7638 7638 10343 10343 10343 
14889 4344 4344 
12709 12627 12627 
6178 10343 10343 9332 9332 
11623 15968 
14895 4344 4344 
11398 10343 
5802 10343 10343 9332 9332 
14179 6696 6696 8796 
13485 9332 9332 
2022 8796 1962 8796 1962 4344 4344 4344 
9594 1421 1421 8796 8796 8796 
2450 2447 2447 2447 
13642 9332 9332 
10892 12991 
15063 4344 4344 
12529 9332 9332 
14743 4344 4344 
12715 12627 12627 
11693 1421 
14900 4344 4344 
14076 9332 9332 
14341 14147 14147 
14914 4344 4344 
5351 14256 14256 
9077 9332 9332 
14344 14256 12508 
12486 10343 10343 
14884 4344 4344 
4764 1421 1421 8796 8796 8796 
10206 10343 
12189 14256 14256 14256 14256 
7503 12991 
6029 5597 5597 5597 
14149 4344 4344 
12700 10397 10397 
13487 9332 9332 
11415 6189 6189 6189 
12563 1421 1421 8796 8796 8796 
9993 10343 10343 9332 9332 
6944 4344 4344 
14924 4344 4344 
14925 4344 4344 
15054 4344 4344 
14332 12627 12627 12627 12627 
9137 9332 9332 
14572 4344 4344 
14854 4344 4344 
14946 4344 4344 
11046 10343 10343 
16068 15968 15968 15968 
5800 9332 9332 
14116 8525 
11790 6675 6675 6675 
15970 13027 13027 13027 
12372 6675 6675 9332 
5188 8525 
11083 9332 9332 
11302 7638 7638 
11949 10343 10343 9332 9332 
14928 4344 4344 
14953 4344 4344 
15019 4344 4344 
12735 9332 9332 
13345 9332 9332 
9893 13482 13482 13482 
9111 10343 10343 
8517 9332 9332 
140 4344 4344 
10973 10343 10343 9332 9332 
14897 4344 4344 4344 
11442 10397 10397 10397 10397 
14428 4344 4344 
13363 1396 1396 
1454 1962 1962 4344 4344 4344 
13068 14256 14256 14256 
15712 378 378 378 
14702 4344 4344 
15147 4344 4344 4344 
14553 4344 4344 
14920 4344 4344 
13924 13482 
12973 12451 12451 12451 
8801 9332 9332 
10469 12991 
15737 10885 10885 10885 
14481 4344 4344 
14985 4344 4344 
9927 10343 10343 
7138 1396 1396 1962 
9176 10343 10343 9332 9332 
14814 4344 4344 
13062 4344 4344 
12685 9332 9332 
9136 6004 6004 6004 
6694 10343 10343 9332 9332 9332 
11292 10343 10343 9332 9332 
14564 4344 4344 
7012 12627 12627 12627 12627 
16063 16081 16081 
10284 8188 8188 8188 
2309 8796 8796 
12306 1421 1421 8796 8796 
1374 4344 4344 
11023 1291 1291 
11559 10343 10343 
14168 1843 
10536 10397 10397 10397 
14993 4344 4344 
10685 12991 12991 12991 
15014 4344 4344 
15854 10872 629 
12758 14256 14256 14256 14256 
9946 4344 4344 
15788 5597 5597 
5160 14147 14147 
14559 4344 4344 
12868 10343 10343 
15124 5597 5597 5597 
15860 8476 16081 8476 8476 8476 8476 
7126 10343 10343 
12394 4344 4344 
15874 11094 
6144 10343 
10241 1421 1421 8796 8796 8796 
6871 10343 10343 9332 9332 9332 
12380 1396 1396 1962 
14291 14256 14256 14256 14256 
11029 9332 9332 
3167 1396 1396 1962 
9712 10506 10579 14118 
4444 4344 4344 
11627 8188 8188 8188 
103 4344 4344 
2808 8796 8796 
13392 1962 1962 4344 4344 4344 
15710 5597 
12233 1962 8796 8796 4344 4344 1962 4344 
11294 14256 14256 
12249 4344 4344 
9131 9332 9332 
12756 284 284 284 
7450 10343 10343 
12175 11094 11094 11094 
7136 8796 8796 
3395 1683 1683 1683 1683 
12579 12451 12451 12451 
16070 15968 
12732 14147 14147 
16084 15968 15968 15968 
7376 10343 10343 
11364 9332 9332 
15055 4344 4344 
11408 10343 10343 
13987 1421 
13606 1396 1396 
12488 10343 10343 9332 9332 9332 
11617 10123 10123 10123 
13468 9332 9332 
11000 10343 10343 
3084 12508 12508 
15291 4344 4344 
11299 8525 8525 8525 
13145 8796 1962 8796 1962 4344 4344 4344 
12734 1396 
12327 9332 9332 
14098 12627 12627 
16064 539 
13988 10506 
11005 10343 10343 
15742 5597 5597 5597 
2423 7638 7638 10343 10343 10343 
15540 15968 
6570 7638 7638 10343 10343 10343 
13837 9332 9332 
12268 9611 9611 9611 
7562 7638 7638 
15103 10885 10885 10885 
10563 14147 14147 
13558 9332 9332 
11589 15968 15968 15968 
12716 12627 12627 12627 
15212 4344 4344 
13836 9332 9332 
13539 10343 10343 
4607 10343 
14002 15851 15851 
13815 12508 12508 12508 
23 284 284 284 
13361 1396 1396 1962 
13547 10343 10343 
1364 1396 1396 
9512 1962 1962 4344 4344 4344 
11221 13020 14147 6675 4619 1396 10343 7638 960 13482 1396 5534 9332 14147 4619 9332 1396 10343 
9554 10343 
10367 9332 9332 
11691 9332 9332 
10244 13020 6675 
14896 4344 4344 
14219 4344 4344 
12963 12508 12508 12508 12508 
10449 1421 
16085 15968 15968 
11696 4344 4344 4344 
13284 9332 9332 
14987 4344 4344 
10941 1421 1421 8796 8796 8796 
1443 1962 1962 4344 4344 4344 
7472 10343 10343 9332 9332 9332 
13626 4344 4344 
9580 9332 9332 
5987 10343 10343 
14883 4344 4344 
4635 1396 1396 
8068 11237 11237 11237 
15056 4344 4344 
11874 10343 10343 9332 9332 9332 
6406 4344 4344 
15908 7577 7577 
12814 12508 12508 12508 12508 
16069 15968 539 
9916 8796 8796 
13838 9332 9332 
6386 11094 
1576 1396 1396 1962 
16002 15968 15968 
10357 11237 
14404 14147 14147 
6792 1962 1962 
102 4344 4344 
9294 1962 1962 4344 4344 4344 
15123 5597 
15711 5597 5597 5597 
14617 5597 
14665 5597 
16104 15968 15968 15968 
12560 14256 14256 
14019 15851 15851 15851 
13533 9332 9332 
11757 1962 1962 4344 4344 4344 
13554 9332 9332 
10949 1421 
14117 10343 
8854 1396 1396 1962 
5503 8796 8796 
3134 284 284 284 
647 2447 2447 2447 2447 
13701 9332 9332 
2357 1291 1291 1291 
10102 10343 10343 9332 9332 9332 
533 4344 4344 
6565 9332 9332 
3159 10343 10343 
10946 12627 12627 12627 12627 
14512 4344 4344 
15918 13027 
5840 10343 10343 
14926 4344 4344 
16067 15968 15968 15968 
1520 10343 10343 
13151 9332 9332 
2408 8796 8796 
15969 13027 
10173 1396 1396 
1981 8796 1962 8796 4344 4344 4344 1962 
8419 14147 14147 
4516 6004 6004 6004 
13469 9332 9332 
6412 10343 10343 9332 9332 
14853 4344 4344 
2284 10343 
1460 9955 
10790 1421 1421 8796 8796 8796 
11578 9332 9332 
16003 15968 15968 15968 
9387 1396 1396 1962 
13242 9332 9332 
5760 10343 10343 9332 9332 
12711 12627 12627 
12468 14204 11607 992 12467 776 6714 14204 14204 14204 
15094 4344 4344 
15053 4344 4344 
11566 10343 10343 
15022 4344 4344 
938 1843 
9166 9332 9332 
4260 15760 15756 
13948 10506 10506 10506 
8457 7638 7638 
12895 9332 9332 
2015 8796 8796 1962 4344 4344 4344 1962 
13206 10343 10343 10343 
4103 1396 1396 
14345 14256 14256 14256 
10012 4344 4344 
256 5597 
11281 7638 7638 10343 10343 10343 
10073 7638 7638 10343 10343 10343 
7576 1396 1396 
2994 1396 1396 1962 
15909 7577 7577 
14967 4344 4344 
13341 9332 9332 
15868 16081 
14265 9332 9332 
10916 1396 1396 1962 
11253 9332 9332 
3638 10885 10885 10885 
9778 10343 10343 
12010 9611 
13108 1396 1396 1962 
9113 9332 9332 9332 
15337 16081 
10188 4344 4344 
10624 7280 7280 
6248 8796 8796 
13557 9332 9332 
9804 1421 1421 8796 8796 8796 
9127 1396 1396 1962 
13036 12627 12627 12627 12627 
15714 5597 5597 5597 
15290 4344 4344 4344 4344 
10500 9332 9332 
8662 1421 1421 8796 8796 8796 
8139 1962 1962 4344 4344 4344 
14663 4344 4344 
1194 7638 7638 
8760 6189 12625 1176 
14995 4344 4344 
7412 10343 10343 
14974 4344 4344 
15162 5597 5597 5597 
9873 1683 1683 1683 
2710 6004 
10201 9332 9332 
14948 4344 4344 
12683 378 378 7577 
16102 15968 15968 15968 
15106 4344 4344 4344 
1707 1291 1291 1291 
14206 5534 5534 5534 
15713 5597 10872 10872 
13567 9332 9332 
6070 5597 
11437 7638 7638 
12781 1396 1396 1962 
15108 5597 5597 5597 
11714 6675 
4509 4969 4969 4969 
9337 10397 10397 10397 
12954 10343 10343 
5161 14147 14147 
1676 10343 10343 
13401 9332 9332 
13708 9332 9332 
10570 10123 10123 10123 
2455 2447 1683 
6115 284 284 
9321 4344 4344 
14838 4344 4344 
13565 5534 13482 
7885 1291 1291 1291 
11883 13085 13085 
7808 9611 9611 9611 
15090 4344 4344 
3485 1396 1396 
11301 1838 
13573 9332 9332 
14898 4344 4344 
12326 10343 
9068 10397 10397 10397 10397 
10566 7638 7638 10343 10343 10343 
4730 10506 
325 1421 1421 8796 8796 8796 
10596 12451 
11737 7638 7638 
12984 9332 9332 
3978 1396 1396 
9899 9332 9332 
2312 8796 8796 1962 4344 4344 4344 1962 
11736 7638 7638 
7240 12541 
14557 4344 4344 
14326 14147 14147 
6157 1962 1962 4344 4344 4344 
10086 1843 1843 1843 
9658 10343 10343 
12495 1683 1683 1683 1683 
15095 4344 4344 
1217 1962 1962 4344 4344 4344 
15093 4344 4344 
1654 1683 1683 
14266 1396 1396 1962 
10339 9332 9332 
13532 9332 9332 
13724 9332 9332 
10758 10343 
13076 9611 9611 
9796 10343 10343 
9809 8796 1962 8796 4344 4344 4344 1962 
6284 7638 7638 10343 10343 10343 
2372 8796 8796 1962 4344 1962 4344 4344 
15052 4344 4344 
4354 1396 1396 1962 
14949 4344 4344 
5281 10002 
3659 14256 14256 14256 14256 
14966 4344 4344 
11676 12627 12627 12627 
5083 1962 1962 4344 4344 
14887 4344 4344 
8956 9332 9332 
11593 12991 12991 12991 
15020 4344 4344 
14386 378 16081 
14664 4344 4344 
14518 4344 4344 
14673 4344 4344 
14239 8796 8796 
15015 4344 4344 
12131 9332 9332 
8044 12451 12451 
1135 1962 1962 
2595 960 
9763 7638 7638 
8019 1421 
10237 9332 9332 
15023 4344 4344 
14894 4344 4344 
15740 5597 
8237 10343 10343 
3085 12508 12508 12508 
15013 4344 4344 
7641 10123 10123 10123 
9716 2447 2447 
10422 9611 9611 9611 
8616 8188 8188 8188 
11772 9332 9332 
7213 9611 
11002 12627 12627 12627 12627 
13615 9332 9332 
14779 4344 4344 
3 4344 4344 
13255 9332 9332 
7991 6004 
9065 10343 10343 9332 9332 9332 
6997 1421 1421 8796 8796 
3064 1396 1396 1962 
12220 9332 9332 
12537 9332 9332 
13357 629 629 629 
14119 4344 4344 
13638 9332 9332 
10864 10343 10343 9332 9332 
13123 4344 4344 
15741 5597 15968 16081 
6010 10343 10343 9332 9332 9332 
9406 10343 10343 9332 9332 
10017 1683 1683 1683 
3170 1396 1396 1962 
14094 8525 
10190 10397 10397 
6005 1683 1683 1683 
14087 1396 1396 
13138 9332 9332 
9134 1962 1962 4344 4344 4344 
7581 4344 4344 
14072 12508 12508 12508 12508 
9941 12991 10899 
13404 14147 14147 
10210 12625 12625 12625 
11085 8796 8796 
14061 10343 
6236 10343 10343 
9962 10343 10343 9332 9332 
13952 12627 12627 12627 
3096 9332 9332 
1048 1962 1962 4344 4344 4344 
14054 14147 14147 
11390 7638 7638 
13572 9332 9332 
14138 14256 14256 14256 
4027 1396 1396 
10239 14256 14256 14256 
13005 9332 9332 
3048 1396 1396 1962 
9949 4344 4344 
14035 6004 6004 6004 
11625 7577 7577 
12730 9332 9332 
8333 1421 1421 8796 8796 8796 
14034 1396 
11940 10343 10343 
13094 9332 9332 
11834 10343 10343 
14028 14256 14256 
6730 12508 12508 12508 12508 
2307 2447 2447 2447 
13569 8525 8525 
1723 4344 4344 
10295 3963 3963 3963 
15705 10885 
5838 1396 1396 1962 
14022 9332 9332 
13245 7638 7638 
440 1838 
1076 1838 
9756 10343 10343 
4026 1396 1396 
14018 13085 13085 13085 
12517 8525 
14922 4344 4344 
12492 15968 
11646 9332 9332 
2407 8796 8796 
15936 10872 
11311 10343 
13789 9332 9332 
14157 2447 2447 2447 
3995 6004 
14003 1291 1291 
4021 6530 
10877 9332 9332 
13818 9332 9332 
13410 11465 11465 11465 
14148 14147 14147 
12067 7638 7638 10343 10343 10343 
13963 10343 
13932 284 284 284 
9710 9332 9332 
13927 9332 9332 
4724 13085 13085 
12729 9332 9332 
4847 539 539 539 
13885 9332 9332 
11205 10343 10343 10343 
2166 1962 8796 8796 4344 1962 4344 4344 
14554 4344 4344 
13580 9332 9332 
4040 4344 4344 
13884 9332 9332 
13882 9332 9332 
1659 1683 1683 
9110 11094 11094 11094 
3000 1396 1396 1962 
13866 4344 4344 
11332 4344 4344 
3899 1396 1396 
10617 10343 10343 
11527 10343 10343 
8095 1291 1291 1291 1291 
8047 12627 12627 12627 
2682 1396 1396 
7306 10343 10343 9332 9332 9332 
9308 1421 
6884 1838 1838 1838 
13834 8796 8796 
10515 10343 10343 
9328 1396 1396 
10578 10343 10343 
12415 4344 4344 
4488 4969 4969 4969 
12799 8796 8796 
10848 8130 7807 7807 
6432 1421 1421 
13847 10343 10343 9332 9332 
13817 1962 1962 4344 4344 4344 
11661 12991 12991 12991 
6499 9955 9955 9955 
1486 1962 1962 4344 4344 4344 
13813 9332 9332 
3620 1396 1396 
10811 5894 5894 
12087 8796 8796 1962 4344 4344 1962 4344 
13354 14256 14256 
9628 9332 9332 
13779 9332 9332 
11223 1962 1962 4344 4344 4344 
4777 2447 2447 
13774 1396 1396 
10004 1421 1421 8796 8796 8796 
9762 4969 
11285 10397 10397 
8127 4344 4344 
13717 6675 
6687 8188 8188 8188 
9247 10343 10343 10343 
10666 12991 
5015 14147 14147 
13716 9332 9332 
7434 10343 10343 9332 9332 9332 
14986 4344 4344 
4673 14147 14147 
10726 8525 
15081 10885 10885 
13704 9332 9332 
12216 9332 9332 
12775 4969 
13703 9332 9332 
13858 3985 3985 3985 
7069 7050 
6153 10343 
13101 9332 9332 
10359 1838 1838 1838 
13702 9332 9332 9332 
7820 7050 7050 7050 
13556 9332 9332 
14556 10885 10885 10885 
13756 8525 8525 8525 
5723 13808 13808 13808 
13723 9332 9332 
12423 10343 10343 
12707 8796 8796 
2803 9955 
2013 8796 1962 8796 4344 4344 4344 1962 
13623 8525 8525 8525 
13479 1291 1291 1291 
13589 9332 9332 
3032 1683 1683 1683 1683 
12853 2447 2447 
14277 14256 14256 14256 
4240 1962 1962 4344 4344 4344 
13042 1396 1396 
10591 1421 1421 8796 8796 8796 
14671 4344 4344 
2358 10343 10343 9332 9332 9332 
12741 9332 9332 
1214 1962 1962 4344 4344 4344 
14766 4344 4344 
12702 12627 12627 12627 12627 
6147 9332 9332 
12419 9955 
141 4344 4344 
14780 4344 4344 
11655 2655 2655 4806 4806 
14744 4344 4344 
8769 4344 4344 
12337 9955 9955 9955 
8039 10397 10397 10397 10397 
14562 4344 4344 
9504 1396 1396 1962 
6150 10343 
10850 4344 4344 
7321 10343 10343 9332 9332 
13546 4344 4344 
12473 1396 
7367 7638 7638 10343 10343 10343 
14347 14256 14256 
9346 9332 9332 
13153 4344 4344 
12919 9332 9332 
13562 9955 9955 9955 
11075 10343 10343 9332 9332 
11943 10343 10343 9332 9332 
10657 10343 
3055 8796 8796 4344 1962 4344 1962 4344 4344 
14320 8796 8796 
15024 4344 4344 
14994 4344 4344 
10236 1224 1224 
13446 9332 9332 
15277 15968 15968 15968 
8055 1291 1291 1291 
16001 15968 15968 15968 
6409 1291 1291 1291 1291 
13433 9332 9332 
13424 6004 6004 6004 
4424 4969 4969 4969 
13411 10343 10343 
2789 6004 
15902 539 
12929 9332 9332 
2224 2447 2447 2447 
3604 1396 1396 1962 
9884 1291 1291 
12117 4344 4344 
1325 1421 1421 8796 8796 8796 
424 1838 1838 1838 
11703 10343 10343 9332 9332 9332 
3086 12508 12508 
13409 9332 9332 
13377 4344 4344 
10764 7096 4916 9238 
13328 9332 9332 
13316 9332 9332 
9732 10397 10397 
7622 9332 9332 
10903 10123 10123 10123 
14346 14256 14256 14256 
13315 10343 10343 
15370 15968 
6555 10343 10343 
5899 10343 10343 
12470 9332 9332 
13309 1396 1396 1962 
13282 1421 
5181 1421 1421 8796 8796 8796 
13275 9332 9332 
13212 4344 4344 
13182 10343 10343 9332 9332 9332 
13173 14147 14147 
13175 10343 10343 10343 
8138 9332 9332 
2475 2447 2447 2447 
13097 8525 
9491 10397 10397 
5168 14147 14147 
4821 9332 9332 
14674 4344 4344 
12526 1396 1396 
15859 8476 16081 16081 
16095 15968 
12796 9332 9332 
15017 4344 4344 
15105 4344 4344 
13045 9332 9332 
10573 10123 10123 
7568 9332 9332 
49 4344 4344 
5903 12627 12627 12627 
13029 1962 1962 4344 4344 4344 
13881 9332 9332 
7907 10343 10343 9332 9332 
11875 10343 10343 
12612 10343 10343 9332 9332 9332 
12989 9332 9332 
7332 10343 10343 9332 9332 9332 
6624 12627 12627 12627 
350 4344 4344 
3895 1396 1396 
3612 1396 1396 
14682 4344 4344 
6142 10343 
14947 4344 4344 
5342 10343 10343 9332 9332 9332 
12710 12627 12627 
14968 4344 4344 
11982 4344 4344 
8272 1421 
11189 10343 
8065 10123 10123 10123 
12956 9332 9332 
3095 1396 1396 1962 
12918 9332 9332 
8651 6004 6004 6004 
2788 6004 6004 6004 
12902 9332 9332 
3002 1396 1396 1962 
9040 4335 10771 2636 13907 13788 3078 11877 2970 2277 3981 7018 7090 3180 3078 3078 3078 3078 11877 3078 3078 11877 11877 11877 11877 3078 11877 
12477 5534 
3420 1396 1396 
12874 10343 
226 284 284 
4500 10343 10343 
12863 9611 9611 
4822 12475 6221 6221 5894 5894 987 2007 10811 8026 5251 1929 10811 1991 1929 9384 
11494 10343 10343 9332 9332 
13313 1396 1396 
12826 4344 4344 
3355 1396 1396 
12200 8188 8188 
6896 4344 4344 
620 14147 14147 
12779 1421 1421 8796 8796 8796 
13277 9332 9332 
13124 9332 9332 
11037 10343 
8894 9332 9332 
14899 4344 4344 
1077 4344 4344 
11367 1421 1421 
6155 10343 
14954 4344 4344 
3943 12508 12508 12508 12508 
11025 9332 9332 
12743 9332 9332 
9574 10343 10343 9332 9332 
3155 1396 1396 
4883 1396 1396 
1389 10343 10343 10343 
11093 1421 1421 8796 8796 8796 
14115 8525 8525 8525 
6065 12451 
13587 9332 9332 
7728 7638 7638 7638 
15999 15968 15968 
12708 12627 14256 
12688 10506 10506 10506 
13616 9332 9332 
12677 9332 9332 
2545 13416 7313 13416 
12583 12508 12508 
14777 4344 4344 
12059 9332 9332 
2036 1962 1962 4344 4344 4344 
11377 10506 10506 10506 
12485 10343 10343 9332 9332 9332 
12465 8796 8796 
12460 1396 1396 
7466 1396 1396 
1656 1683 1683 
12458 8525 8525 8525 
6578 4969 4969 4969 
12432 284 284 284 
14254 1683 1683 
11313 12508 12508 12508 12508 
15016 4344 4344 
4461 1962 1962 
9067 7638 7638 
4542 9332 9332 
1171 1843 1843 
9116 12508 12508 12508 12508 
14091 1396 1396 
9028 9332 9332 
6785 10343 
9004 1396 1396 
14675 4344 4344 
8979 9332 9332 
8964 9611 9611 9611 
11134 4344 4344 
8942 10343 10343 
8938 1421 
8545 4344 4344 
8925 2447 2447 2447 2447 
8881 1421 1421 8796 8796 8796 
1054 10343 
6311 1396 1396 
8880 1421 
1169 1843 1843 1843 
3109 1396 1396 
12267 8188 
8859 10343 
6269 14256 14256 14256 
8850 1421 
10494 10506 10506 10506 
13719 8796 1962 8796 4344 1962 4344 4344 
8842 1421 1421 8796 8796 8796 
8832 10343 10343 9332 9332 9332 
6060 10397 10397 10397 
8820 9332 9332 
3357 1396 1396 
8817 10343 10343 9332 9332 
5989 9332 9332 
8814 7638 7638 
8705 1421 
8683 10123 10123 
8682 1421 1421 8796 8796 
13798 9332 9332 
8665 12627 12627 
8657 14147 14147 
10006 10343 10343 
3040 6530 1224 4793 
4877 4969 519 
10437 1962 1962 4344 4344 4344 
8653 1843 1843 
224 284 284 284 
9564 6004 6004 6004 
6253 4344 4344 
8642 9332 9332 
8639 1396 1396 
6235 10343 10343 
2273 1962 1962 4344 4344 4344 
8621 10343 10343 10343 
8605 10343 10343 
8604 9955 9955 9955 
2479 1843 1843 1843 
8593 10123 10123 
8580 12627 12627 
7344 8525 8525 8525 
5786 10343 10343 
3683 1396 1396 
8560 10397 10397 10397 
3859 4969 
8557 1962 1962 4344 4344 4344 
8460 12991 12991 12991 
3681 1396 1396 
6125 10343 10343 9332 9332 
8505 12281 
8504 14147 14147 
3268 1291 1291 1291 
1242 10343 
8496 8796 1962 8796 4344 4344 4344 1962 
8486 7638 7638 
449 8188 8188 
8477 1421 
11500 8188 
6134 10343 
8475 1421 
8469 7638 7638 
5691 14147 14147 
8468 5597 
8461 1838 13691 
10810 14147 14147 
1514 1838 13691 
8439 9332 9332 
2276 1224 1843 1916 
2757 1396 1396 1962 
12177 8525 
8425 9332 9332 
12876 9332 9332 
4124 13416 7313 8590 7313 7313 7313 
8422 1421 
8393 1421 1421 8796 8796 8796 
8380 1396 1396 
8374 1962 1962 4344 4344 4344 
8364 10343 10343 
8363 10343 10343 
8179 10343 
11344 5597 
7114 10123 10123 
8352 10885 10885 
8345 9332 9332 
8344 1396 1396 1962 
13705 9332 9332 
8336 1421 1421 8796 8796 
1363 1962 1962 4344 4344 4344 
8326 8796 8796 
3099 9332 9332 
9235 10343 10343 
12136 10343 10343 9332 9332 
8111 12625 12625 12625 
6601 9332 10343 10343 9332 9332 9332 
5169 14147 14147 
8286 8525 8525 8525 
8285 7638 7638 
190 9332 9332 
2171 8188 
9812 10343 10343 9332 9332 9332 
2164 1962 8796 8796 4344 1962 4344 4344 
8269 9955 9955 9955 
2959 1396 1396 1396 
8263 284 284 
14915 4344 4344 
8245 8796 8796 
14813 4344 4344 
4561 4333 4563 
9296 4169 4169 
8210 10343 10343 
14451 4344 4344 
8185 1421 
16093 15968 15968 
5905 10343 
8306 8678 8678 8678 9117 8678 8678 8678 8678 8306 8306 8306 
2962 1396 1396 
8170 1421 1421 8796 8796 8796 
6435 4344 4344 
8166 10343 10343 9332 9332 
8162 10343 10343 
8159 10123 10123 10123 
8145 7638 10343 7638 10343 10343 10343 
3299 10343 10343 9332 9332 
8143 14256 14256 
5604 6696 
4745 960 
8140 9332 9332 
8113 10343 10343 10343 
5220 14147 14147 
8089 9955 9955 9955 
8082 1396 1396 
6164 10343 10343 9332 9332 9332 
4450 4969 
8077 12991 12991 12991 
8074 1396 1396 1962 
8048 9332 9332 
8041 1683 1683 1683 1683 
8917 284 284 284 
7744 8796 8796 
8023 10343 10343 9332 9332 9332 
8016 11094 11094 11094 
3902 1396 1396 
12821 9332 9332 
8008 9332 9332 
9918 12627 12627 12627 
7980 10343 10343 9332 9332 9332 
1465 1962 8796 8796 4344 4344 4344 1962 
7978 10343 10343 
7966 10343 10343 9332 9332 9332 
2472 2447 2447 2447 
4723 13085 13085 
14125 4344 4344 
7965 14147 14147 
7961 9332 9332 
7925 10343 10343 
9977 9332 9332 
7911 10343 
3003 1396 1396 1962 
7891 10343 10343 9332 9332 9332 
7884 1291 1291 1291 
7080 1396 1396 1962 
5945 1962 1962 
8549 1396 1396 
2641 13851 14220 8409 1525 1780 1670 442 1360 3238 14356 2383 2593 442 442 442 442 4776 442 442 1111 4776 11202 442 
7883 1291 1291 1291 
2761 284 284 
3944 12508 12508 12508 
4901 8796 1962 8796 4344 1962 4344 4344 
3630 6530 6530 6530 
11833 10343 10343 9332 9332 9332 
7882 1291 1291 1291 
7881 1291 1291 
5523 9955 
7880 1291 1291 
6592 8188 8188 8188 
7879 1291 1291 
7877 1291 1291 1291 
7862 10343 10343 9332 9332 9332 
7858 1291 1291 1291 1291 
11615 1396 1396 1962 
5565 10343 10343 9332 9332 9332 
7845 10343 10343 9332 9332 9332 
7839 10123 10123 
7816 12508 12508 12508 
5309 10343 10343 9332 9332 
4616 9332 9332 
12255 12566 14422 12123 248 11816 12539 5836 7988 1058 15011 1058 1058 1058 1058 1058 1058 1058 
7790 1421 
7781 12991 12991 12991 
8059 10343 10343 
8102 2447 2447 2447 2447 
7771 9611 9611 
7770 9611 
2910 10397 10397 10397 
7764 1962 1962 4344 4344 4344 
2887 1396 1396 1396 
5165 14147 14147 
7732 6530 6530 6530 
7720 8796 8796 1962 1962 4344 4344 4344 
5167 14147 14147 
10311 8188 
11277 1838 1838 1838 
8975 10397 10397 10397 
7718 10343 10343 9332 9332 9332 
7717 7638 7638 10343 10343 10343 
14043 14256 14256 14256 
3087 12508 12508 
3059 10343 10343 
7714 9332 9332 
7709 1421 
7689 1291 12627 
7676 8796 8796 
7652 9611 9611 
7649 1421 
3685 1396 1396 
3586 1421 1421 8796 8796 8796 
7631 9332 9332 
7059 1421 
3376 1396 1396 
7630 10343 10343 9332 9332 9332 
650 15968 15968 15968 
7629 10343 10343 
7650 10343 10343 9332 9332 9332 
4491 960 6696 
7590 4344 4344 4344 
11604 7638 7638 
7586 14147 14147 
7575 1421 1421 8796 8796 8796 
4316 2447 2447 2447 
3110 1396 1396 1962 
7574 10397 10397 
7570 8525 8525 8525 
7560 10343 10343 9332 9332 9332 
7930 1224 
7537 10343 10343 9332 9332 9332 
7529 10343 10343 9332 9332 9332 
15903 539 539 539 
8241 9332 9332 
4296 284 284 284 284 
7521 4344 4344 
7513 8796 8796 
7493 9332 9332 
7480 10397 10397 10397 10397 
7475 9332 9332 
7474 10343 10343 9332 9332 9332 
6520 10123 10123 10123 10123 
15289 4344 4344 
7473 8188 4916 
16071 539 539 539 
5769 10343 10343 
7471 10343 10343 
7446 10397 10397 
7410 9332 9332 
5699 12508 12508 12508 
7403 10343 10343 
9622 9611 9611 9611 
12116 8188 12017 
4280 284 284 
7364 10343 
8133 7638 7638 
7362 12991 12991 12991 
6892 9332 9332 
7354 1291 1291 1291 1291 
7353 1291 1291 1291 
7348 1421 
7343 1838 
3234 1396 1396 1962 
7339 10343 10343 
7307 1683 1683 1683 
8025 10123 10123 10123 10123 
6151 10343 
7301 9332 9332 
7297 284 284 284 284 
7290 10506 14118 
12040 8796 8796 
4974 14147 14147 
12854 4344 4344 
3383 284 284 
7289 10343 10343 
6590 1396 1396 1962 
6328 10343 10343 9332 9332 
13926 14147 14147 
5016 14147 14147 
7254 9332 9332 
7249 4344 4344 
7245 9332 9332 
11135 8188 8188 8188 
2023 1962 8796 8796 4344 4344 4344 1962 
7242 9332 9332 
7191 4344 4344 
7188 1962 8796 8796 4344 1962 4344 4344 
7370 10343 10343 
5646 14147 14147 
7183 10343 10343 9332 9332 9332 
7565 4344 4344 
7182 10343 10343 9332 9332 9332 
7174 9332 9332 
15798 15968 
2830 6530 6530 6530 
7628 10343 10343 
7167 9332 9332 
6008 629 15968 
7878 1291 1291 
7101 10343 10343 9332 9332 
3682 1396 1396 
7076 8188 8188 8188 
7058 13808 
7042 9332 9332 
7038 1683 1683 1683 
11404 1838 
7037 10343 
7029 9332 9332 
7014 9332 9332 
3515 1396 1396 
3001 1396 1396 1962 
3080 12508 12508 
1726 1683 1683 1683 1683 
7013 8188 8188 8188 
8300 9332 9332 9332 
6995 1421 
6154 10343 
6992 1421 1421 8796 8796 8796 
5522 10506 
6961 9332 9332 
10875 1421 
3421 1396 1396 
8509 10343 10343 9332 9332 
6949 1291 1291 
6946 14147 14147 
6929 10343 10343 9332 9332 
6481 1421 1421 8796 8796 8796 
6910 8188 8301 
6905 4619 4619 
6904 12991 12991 12991 
15213 4344 4344 
6867 8796 8796 1962 4344 4344 1962 4344 
6854 4344 4344 
6842 14147 14147 
1651 1683 1683 
6841 1291 1291 
3081 12508 12508 12508 
6816 14147 14147 
6814 9611 
6780 1421 1421 8796 8796 8796 
9349 4969 4403 
6757 2447 2447 2447 2447 
6749 1962 1962 4344 4344 4344 
13665 12451 12451 
6137 10343 
3083 12508 12508 
14969 4344 4344 
6746 10343 10343 
11039 10343 10343 
5793 14147 14147 
6724 1962 1962 4344 4344 
14676 4344 4344 
7274 8188 
6722 10343 10343 10343 
4206 1962 1962 4344 4344 4344 
3633 1396 1396 1962 
6071 284 284 284 
6710 1396 1396 1962 
6709 12627 12627 12627 
6699 1396 1396 
6698 10343 
6685 10343 10343 
14767 4344 4344 
1289 1962 1962 4344 4344 4344 
6679 10343 10343 
4363 4364 4364 4364 
2449 2447 2447 2447 
2117 8796 8796 1962 4344 4344 4344 1962 
3799 1137 
6669 3996 3996 3996 
51 4344 4344 
6645 8796 8796 1962 4344 1962 4344 4344 
6642 9332 9332 
2077 8796 8796 
9262 7280 6530 10579 
6584 14147 14147 
12972 6507 6507 6507 
6580 9955 1176 
7713 8525 14202 
6083 10343 10343 9332 9332 
2231 8796 8796 
6554 10343 10343 
5959 10343 10343 
5690 13085 13085 
10189 1962 1962 4344 4344 4344 
6552 1843 1843 
10761 5597 
2888 1396 1396 1962 
137 4344 4344 
12487 10343 10343 9332 9332 9332 
6541 8796 8796 
12309 9332 9332 
6074 10343 
1316 1962 1962 4344 4344 4344 
6524 14209 4200 5176 8253 5245 9515 10137 5173 4634 11352 9457 4634 5173 5173 4634 5173 5173 4634 5173 
6912 10343 10343 9332 9332 9332 
2280 1421 
874 2447 2447 2447 
6515 10343 10343 
6508 8796 8796 1962 4344 1962 4344 4344 
6502 10343 10343 9332 9332 9332 
6497 10343 10343 9332 9332 9332 
6483 10343 10343 9332 9332 9332 
10045 7638 7638 
3270 1962 1962 4344 4344 4344 4344 
6482 1683 284 
1362 13085 14118 7280 
6475 10343 10343 
6454 10343 10343 9332 9332 
6433 10343 10343 
11325 8525 8525 8525 
6421 10343 10343 
13291 10397 10123 
6419 10343 10343 
9566 1291 1291 
3356 1396 1396 
12632 14256 14256 
6415 1421 1421 8796 8796 8796 
6410 8796 8796 
6404 8796 1962 8796 4344 4344 1962 
2311 8796 8796 1962 4344 4344 4344 1962 
1650 1683 1683 
6401 1421 1421 8796 8796 8796 
6397 10343 10343 
5495 4344 4344 
12095 9332 9332 
7939 10343 
7952 1962 1962 4344 4344 4344 
6387 10343 
6380 10343 10343 
14677 4344 4344 
6366 1396 1396 
6354 10343 10343 9332 9332 
6349 10343 10343 
6339 284 284 284 284 
11375 4344 4344 4344 
6326 10343 10343 9332 9332 
13640 9332 9332 
6316 4344 4344 
6303 6530 
5598 5597 5597 5597 
6440 10343 10343 
6299 1396 1396 1962 
6294 1683 1683 
6286 8796 8796 1962 4344 1962 4344 4344 
6275 10343 10343 9332 9332 
6270 8188 8188 8188 
9128 10123 10123 
6268 1962 1962 4344 4344 4344 
3953 1396 1396 
6264 10343 10343 
15102 10885 
6240 15968 15968 15968 
6227 4344 4344 
6213 6530 
6191 6004 4793 
5834 9332 9332 
6179 10343 
2631 1396 1396 
6152 10343 
6146 10343 
1290 1962 1962 
6143 10343 
3530 6507 
6140 10343 
11419 1421 1421 8796 8796 8796 
2629 6530 6530 
3169 1396 1396 1962 
14984 4344 4344 
6136 10343 
12713 12627 12627 
6133 10343 
6123 10123 10123 10123 10123 
15092 4344 4344 
8860 9332 9332 
1620 1843 1843 
5577 4344 4344 
6117 8188 
6100 9332 9332 
6082 10343 10343 9332 9332 
6080 10343 10343 9332 9332 
14009 8796 8796 
6079 10343 10343 9332 9332 
6073 10343 10343 9332 9332 
6031 10343 10343 
11468 10343 10343 9332 9332 9332 
6028 1421 1421 8796 8796 8796 
5986 10343 10343 9332 9332 9332 
5985 10343 10343 
3227 1396 1396 1962 
5972 10343 10343 
2975 1396 1396 
614 1396 1396 1962 
14975 4344 4344 
5971 1962 1962 4344 4344 4344 
2306 2447 2447 2447 2447 
5967 1396 1396 
5960 10343 10343 9332 9332 9332 
6283 1396 1396 1962 
5882 10343 10343 
5877 10343 10343 9332 9332 
10042 1396 1396 1962 
5861 9332 9332 
5851 9332 9332 
5850 1962 8796 8796 4344 1962 4344 4344 
5833 10123 10123 10123 10123 
9715 4344 4344 
5832 9332 9332 
5136 1396 1396 
1371 1962 1962 4344 4344 4344 
5825 10343 10343 
9388 8796 8796 1962 1962 4344 4344 4344 
3282 1843 10885 13691 
5817 1396 1396 
9490 1396 1396 1962 
5806 14147 14147 
13906 10397 10397 10397 10397 
6557 1838 1838 
2848 1396 1396 1962 
5798 11412 11412 11412 
1203 10343 10343 
5795 1421 1421 8796 8796 8796 
11123 1838 1838 5597 1838 
11618 13020 13020 10343 
5772 12508 12508 12508 
13707 9332 9332 
5768 11465 
3857 6004 4793 1916 
15743 5597 
5757 1962 1962 4344 4344 4344 
3439 10343 10343 
5755 1396 1396 
5739 1421 
5728 14147 14147 
3138 2447 2447 2447 2447 
5720 4344 4344 
5689 13085 
5680 9332 9332 
9963 10343 10343 
8754 12627 12627 12627 12627 
1475 4344 4344 
5679 378 
3796 1396 1396 
6149 10343 
5665 9332 9332 
5661 10343 10343 
5654 4344 4344 
10195 1421 
5647 14147 14147 
5561 4344 4344 
5546 284 
5521 10506 10506 10506 
1993 8796 8796 
5517 1396 1396 
14561 4344 4344 
5512 1396 1396 
5501 10506 10506 10506 
2440 8796 1962 8796 4344 4344 4344 1962 
5491 13085 13085 
417 1962 1962 1962 
4858 1396 1396 
8 10343 10343 
8317 1396 1396 
5490 13085 13085 13085 
5489 13085 
5467 8796 8796 1962 1962 4344 4344 4344 
5451 10885 10885 
10454 1421 1421 8796 8796 8796 
5449 10506 10506 10506 
5445 4344 4344 
5432 12451 12451 12451 
9206 8796 1962 8796 1962 4344 4344 4344 
5431 4344 4344 
5421 1962 8796 8796 4344 4344 4344 1962 
5291 14147 14147 
12134 9332 9332 
5282 10506 10506 10506 
5273 10343 10343 
5271 4344 4344 
11129 4344 4344 4344 
5265 9332 9332 
5256 5534 5534 14147 
5244 4344 4344 
11635 12991 9238 
5241 10343 10343 
1301 4344 4344 
5221 14147 14147 
2832 6530 6530 
7876 10343 10343 
5171 14147 14147 14147 
14449 4344 4344 
5170 10506 6004 
5163 14147 14147 
5162 14147 14147 14147 
5159 14147 14147 14147 
5152 4344 4344 
1207 12991 
10983 9955 
5113 1396 1396 
10656 12508 12508 12508 
5096 1396 1396 1962 
8169 1421 1421 8796 8796 8796 
5086 12451 14202 13085 
5883 10343 10343 9332 9332 
5079 4344 1962 1962 4344 4344 4344 
6063 284 284 
5072 13085 13085 13085 
204 284 284 284 284 
5030 1683 1683 1683 
11711 15968 
5014 14147 14147 
2725 1838 
7010 14147 14147 
4958 284 284 
4947 1396 1396 
4946 1396 1396 1962 
4943 1838 1838 1838 
4937 1683 1683 1683 
2542 1962 1962 4344 4344 4344 
4922 4344 4344 
10370 1396 1396 1962 
4915 1396 1396 
4912 9332 9332 
4902 9332 9332 
4897 1838 5597 
4894 4344 4344 
10260 10397 10397 
7169 1962 
4893 4344 4344 
14030 1421 1421 8796 8796 
2473 2447 2447 2447 
4890 7096 7096 7096 
6800 12991 9238 
4862 1843 
3412 12508 12508 12508 
4823 2447 2447 2447 2447 
4811 1396 1396 1962 
3168 1396 1396 1962 
4805 10343 10343 
3112 6004 1916 
8219 4344 4344 
14191 8525 
1605 8796 8796 1962 4344 4344 4344 1962 
4798 1421 
10162 8796 1962 8796 4344 4344 1962 4344 
4795 9955 9955 9955 
11142 7638 7638 10343 10343 10343 
16065 539 
6902 10002 10002 10002 
4794 1291 1291 
4789 10506 10506 10506 
4753 13482 13482 4619 
4751 10506 11548 
1140 9332 9332 
4729 10506 10506 10506 
4721 13085 13085 13085 
3205 1962 1962 4344 4344 4344 
4711 13085 13085 
3113 1396 1396 1962 
4752 10506 10506 10506 
2220 2447 2447 2447 
4710 13085 
3057 10343 10343 
6019 10343 10343 
7506 10343 
4708 13085 13085 13085 
4927 4344 4344 
4702 6507 1916 
4697 2447 2447 2447 2447 
4691 14147 14147 
11558 8796 8796 
1429 4344 4344 
831 10343 10343 
3166 1396 1396 1962 
4684 6221 
4674 14147 14147 
4664 1962 1962 4344 4344 4344 
8322 9955 9955 9955 
4633 10506 
4632 10506 
12090 1421 
4617 4619 4619 
4590 4969 
13171 8525 8525 8525 
2976 1396 1396 
866 12508 12508 12508 
4571 1396 1396 
3278 1396 1396 1962 
4566 284 284 
4545 4344 4344 
5009 8796 8796 
2842 2447 2447 2447 2447 
4541 14147 14147 
4540 7280 7280 7280 
15018 4344 4344 
4519 4344 4344 
16005 16081 16081 14662 
4510 4969 
4480 4969 4969 4969 
4479 4364 
13825 4344 4344 
4468 6696 
3193 1396 1396 1962 
4452 9332 9332 9332 
4449 4969 4969 4969 
4440 5597 5597 5597 
4423 4969 4969 
4422 4969 4969 4969 
4420 8188 8525 
4411 12991 
4365 6004 
3903 1396 1396 
4341 10343 
3780 1843 1843 1843 
4332 4969 
4331 4969 4969 4969 
4320 4344 4344 
6968 14256 14256 
1610 9955 1176 
4294 15851 15851 15851 
4287 6004 6004 6004 
4261 1962 1962 4344 4344 4344 
4236 6530 6530 6530 
8955 10343 10343 9332 9332 9332 
4075 1396 1396 
4232 12508 12508 12508 12508 
11057 10343 10343 9332 9332 9332 
4226 1421 1421 8796 8796 8796 
4085 1683 1683 
4224 15951 15951 15951 
2923 1838 
12110 9611 9611 
4163 1396 1396 
4162 1396 1396 
5860 10343 10343 9332 9332 
4153 8796 8796 
207 284 284 284 284 
4105 1396 1396 
4104 1396 1396 
4097 284 284 284 284 
11663 8796 8796 
4960 1683 1683 1683 
4079 1838 1838 1838 
4078 1396 1396 
4050 4344 4344 
4038 1683 1683 1683 1683 
6720 10343 10343 
4029 1396 1396 1962 
4022 6530 6530 
1215 1962 1962 4344 4344 4344 
1266 10943 10943 10943 
12615 1396 1396 1962 
4020 6530 6530 6530 
5327 7638 7638 
4013 12508 12508 12508 
4003 8525 8525 8525 
10688 10068 11259 
3233 1396 1396 
1996 8796 8796 
9863 10397 10397 
3982 9332 9332 
3904 1396 1396 
3976 8796 8796 
4848 10343 10343 9332 9332 9332 
3962 6004 6004 6004 
3946 9332 9332 
3942 12508 12508 12508 12508 
7933 10343 10343 9332 9332 
3941 12508 12508 12508 12508 
3868 9332 9332 
11925 10123 1291 
3863 10343 
3840 6004 1838 
1737 1683 1683 1683 1683 
13934 8796 8796 
3833 284 284 284 284 
9271 10343 10343 9332 9332 9332 
2374 8796 8796 
3825 1396 1396 
491 4344 4344 
2299 2447 2447 2447 2447 
11411 11412 378 
3818 4344 4344 
3778 12508 12508 
3773 1396 1396 
9022 10943 13691 1916 1916 
3707 1396 1396 
2457 12508 12508 
3704 6530 6530 
3684 1396 1396 
3680 1396 1396 
3668 1421 1421 8796 8796 8796 
3632 1396 1396 1962 
3622 1396 1396 1962 
3613 1396 1396 1962 
3603 1396 1396 1962 
3284 1396 1396 
3602 1396 1396 
10649 8796 8796 
11130 9611 9611 
8716 10397 10397 
3577 1396 1396 
3573 1396 1396 1962 
3536 15968 
3523 1396 1396 1962 
3663 6004 
3478 5597 
10869 7807 8130 10344 8051 10464 8130 8130 8130 
13550 1396 1396 
2582 1421 
10527 10343 10343 9332 9332 
3477 1838 1838 1838 
3010 1396 1396 1962 
3471 1962 1962 4344 4344 4344 
9510 10343 10343 9332 9332 
3450 284 284 284 284 
5279 10343 10343 9332 9332 
4489 4969 10579 
3443 4344 4344 
3411 1396 1396 
3363 1396 1396 
3929 4344 4344 
3361 1396 1396 
1871 10397 10397 10397 
3359 1396 1396 
3919 6004 
2899 1962 1962 4344 4344 4344 
2907 15851 
3358 1396 1396 
3354 1396 1396 
408 4344 4344 
3353 8525 8525 8525 
3340 1396 1396 
3331 10872 10872 10872 
10829 13482 960 
3330 1396 1396 
3280 1396 1396 1962 
9882 1421 
8056 12451 
3237 1396 1396 1962 
3235 1396 1396 
3221 8525 8525 8525 
487 1396 1396 1962 
3212 1962 8796 8796 4344 1962 4344 4344 
3203 4969 4969 4969 
3236 1396 1396 
3200 1396 1396 1962 
3192 1396 1396 
12362 14147 14147 14147 
1954 4344 4344 
3191 1396 1396 
9453 9332 9332 
2604 8796 8796 1962 4344 4344 1962 4344 
3190 1396 1396 
9709 10885 10885 
1972 8796 8796 8796 1962 4344 1962 4344 4344 8796 1962 
3184 14256 14256 14256 14256 
3173 1396 1396 1962 
3088 12508 12508 12508 
3172 6004 6004 6004 
11157 1962 1962 4344 4344 4344 
3165 1396 1396 1962 
10586 1421 1421 8796 8796 8796 
3137 1396 1396 
12757 4344 4344 
3114 1396 1396 1962 
14295 6004 6004 6004 
14778 4344 4344 
3091 10002 13020 
3082 12508 12508 
3074 1396 1396 1962 
2543 10123 10123 10123 
3073 1396 1396 1962 
3065 1396 1396 1962 
7044 539 539 539 
3008 1396 1396 1962 
3006 10397 10397 10397 
3004 1396 1396 1962 
3869 4344 4344 
8178 10343 10343 
2995 1396 1396 1962 
16092 15851 
2961 1396 1396 
2957 1396 1396 1962 
6793 9332 9332 
2951 10343 10343 
7763 10343 10343 9332 9332 9332 
6364 10343 10343 9332 9332 9332 
2932 1396 1396 
2931 1396 1396 
2927 1291 1291 
2926 6530 6530 
8110 7638 7638 
2924 9332 9332 
11346 4344 4344 
2911 9332 9332 
2876 1838 
2831 6530 
6351 10343 10343 9332 9332 9332 
2819 1396 1396 1962 
2818 1396 1396 1962 
2082 1396 1396 
2812 1396 1396 1962 
2800 4969 4969 4969 
2798 6004 
75 4344 4344 
1658 1683 1683 1683 
2797 6004 6004 6004 
2796 6530 6530 6530 
2792 6004 7627 2695 
2787 1962 1962 4344 4344 4344 
2762 1396 1396 
2756 6004 6004 
13666 12451 12451 12451 
2755 1396 1396 1962 
2754 1396 1396 1962 
2752 10343 10343 
13343 9332 9332 
2733 8796 8796 
2732 8796 
2718 4344 4344 
2649 4806 2655 
2642 14220 14220 442 1111 
6801 10343 10343 
2219 2447 2447 
2607 10338 
12960 12627 12627 12627 12627 
2606 8796 8796 
2791 6696 6696 6696 
2011 8796 1962 8796 1962 4344 4344 4344 
15148 4344 4344 4344 
1982 8796 1962 8796 4344 4344 4344 1962 
2591 6507 6507 6507 
2474 2447 2447 
2463 1396 1396 
2461 1396 1396 
14242 14256 14256 14256 14256 
6352 10343 10343 9332 9332 9332 
2454 2447 1683 
2453 2447 2447 
2451 2447 2447 
7193 10343 10343 9332 9332 9332 
2417 14204 12467 12467 
2406 9332 9332 
7205 9332 9332 
2403 7638 7638 
3047 5597 5597 5597 
2375 8796 8796 
6343 9955 
2371 8796 8796 
2370 8796 8796 1962 4344 1962 4344 4344 
13778 9332 9332 
1941 11412 
2346 1396 1396 1962 
2301 1396 1396 1962 
2314 1962 8796 8796 1962 4344 4344 4344 
13067 10343 10343 
2313 8796 8796 
848 1396 1396 1962 
2305 2447 2447 2447 2447 
2288 4344 4344 
2275 1224 1224 1224 
2234 8796 8796 1962 4344 1962 4344 4344 
2233 8796 1962 8796 1962 4344 4344 4344 
2232 8796 1962 8796 4344 4344 4344 1962 
2229 4344 4344 
12145 14147 14147 
2221 2447 2447 
14558 4344 4344 
2163 1962 8796 8796 4344 4344 1962 4344 
4562 4563 4563 4333 
10413 1396 1396 1962 
2120 1421 
2113 284 284 284 
2076 8796 8796 
7769 12627 12627 12627 12627 
2075 1962 8796 8796 4344 1962 4344 4344 
2063 284 284 
6139 10343 
2049 8796 8796 
2020 8796 8796 
2019 8796 8796 
15952 15951 13027 
2018 1962 8796 8796 1962 4344 4344 4344 
2017 8796 8796 
2016 8796 1962 8796 1962 4344 4344 4344 
13886 9332 9332 
2014 8796 8796 
10728 1421 8796 1421 8796 8796 8796 
2012 1962 8796 8796 4344 4344 1962 4344 
2007 1528 1528 5894 12475 987 4822 4822 10811 8026 5251 1929 10811 1991 1929 9384 1930 4822 6221 6221 5894 5894 
1995 8796 8796 
1994 8796 8796 1962 1962 4344 4344 4344 
1987 2447 2447 
11734 9332 9332 
1983 8796 1962 8796 4344 1962 4344 4344 
1980 8796 8796 
1968 4344 4344 
12877 9332 9332 
12977 10506 14118 
8470 960 960 1396 
1964 11412 
1869 9332 9332 
13508 9332 9332 
1853 9332 9332 
7011 9332 9332 
13445 9332 9332 
1811 9332 9332 
1798 1396 1396 1962 
1797 10343 10343 
1785 6004 6004 6004 
1769 7638 7638 10343 10343 10343 
1742 10397 10397 10397 10397 
1740 10506 
1739 1683 1683 1683 1683 
1727 1683 1683 1683 1683 
1691 3090 3090 3090 1692 3090 3090 3090 3090 1691 1691 1691 
1040 3996 
1660 1683 1683 
1657 1683 1683 
1655 1683 1683 1683 
6434 8188 
1653 1683 1683 
10385 10343 10343 
1652 1683 1683 
9299 10397 10397 10397 10397 
1639 1843 1843 
1638 1843 1843 1843 
1757 1058 11816 11816 
1616 9332 9332 
4442 4969 4969 4969 
1549 12627 12627 12627 
1535 1026 
1521 10343 10343 9332 9332 
3901 1396 1396 
1495 1962 1962 1962 4344 4344 1962 4344 
1456 4344 4344 
1408 2447 2447 2447 
1398 1396 1396 
1394 1962 1962 4344 4344 
1370 1962 1962 4344 4344 4344 
1343 1838 
1302 4344 4344 
1288 1962 1962 4344 4344 4344 
10171 9955 9955 
1286 1962 1962 4344 4344 4344 
1283 1962 1962 4344 4344 4344 
1282 1962 1962 4344 4344 4344 
11354 9332 9332 
1278 2447 2447 
