15838 1593
15735 12012
15735 12012
12012 15735
15838 13355
15879 4074
5947 13422
9935 15881
5559 8582
15883 5559
15886 15885
15886 5268
704 15886
15885 15706
6216 15883
4074 26
15565 14121
15882 15565
13679 15352
15374 12789
15850 304
15732 15847
12012 15735
15732 15846
12012 15842
9742 15843
250 895
15844 4778
15837 15845
15845 2044
9742 11454
11454 15836
15811 15810
15812 11748
4074 13684
4074 11762
5993 15812
15838 15808
15806 15805
15807 15806
15806 15804
15838 15801
15801 15800
15782 213
946 15581
2055 946
3447 15697
13200 15793
213 12979
15581 4088
2055 3447
4088 15794
5597 15789
15787 1312
15565 15887
2055 11724
15483 15781
15784 15785
15781 15784
15776 15778
15748 15780
15784 15775
14167 15707
15707 2055
9172 15639
15769 15639
7541 14088
15803 15771
14088 15768
11977 304
7116 5316
2055 15764
15764 15761
5316 15766
15762 1018
250 15762
15351 15759
7116 15760
2055 15351
15760 4260
15765 15763
15338 15756
6250 5748
15751 304
304 15753
15749 304
304 15750
1312 15754
15755 1312
12255 1058
5597 3047
12255 1058
15746 1312
7914 1312
15747 1312
5597 10852
1312 15744
12255 1058
12255 1058
5597 15742
5597 5598
5597 5598
10980 15736
15733 15376
15374 15733
2626 1312
8451 15732
15732 9684
15732 15729
15735 15725
15725 15735
15614 15732
15725 15735
15732 15726
15732 15731
15725 15735
15725 15735
15723 15376
15374 15720
15374 4552
15374 15723
12183 15376
15815 15813
15374 15721
15374 13110
15374 15724
15374 15719
15721 15376
15374 4680
15374 15722
7223 304
304 5695
15716 304
304 15718
3487 304
15756 4260
15374 2560
2560 15376
7610 15376
4154 15376
4552 15376
15838 9742
5597 15711
5597 15714
5597 15714
378 11148
5597 15711
5597 15788
5427 15732
5597 11481
10885 15081
5597 11481
10885 15737
1312 15646
6950 1312
15702 1312
1219 1312
8492 1312
1312 15699
14121 6216
15374 6945
15696 2409
6945 15376
304 15694
5597 10852
304 8119
15693 304
15758 1645
11724 15782
15374 4154
6983 304
15691 304
2867 1312
15690 1312
4955 1312
13613 15376
15374 13613
15689 15376
5597 15789
8689 1312
15683 2409
5150 2409
1044 1312
8360 2409
15682 304
12832 2409
15679 2409
15677 1312
14405 15676
15678 1312
15680 2409
2409 12494
7546 2409
8003 2409
15674 1312
15883 6250
10720 1312
15672 1312
1312 7440
11780 1312
15671 2409
5597 15739
3920 1312
744 304
15666 2409
15667 2409
2409 15665
15813 305
15664 304
15681 304
8582 9935
15660 15376
15732 15882
304 13431
2873 304
9443 304
3286 304
15657 304
15652 15376
15654 2409
2409 15653
2869 2409
15374 15652
14933 15376
15374 14933
15781 15748
15203 15376
15374 15203
15649 1312
15650 1312
12012 15735
15732 8451
15886 15887
2302 2409
2409 15229
15642 2409
2409 12144
1137 15376
7943 1312
15380 1312
10885 5451
863 1312
15640 1312
15374 12183
15771 15770
14373 1312
6900 304
304 15636
15637 304
1058 12255
15633 304
11645 304
2409 10734
15725 15735
13152 2409
15374 15651
2409 4322
2409 15627
2409 15628
10057 2409
15626 2409
891 2409
4680 15376
15547 2409
11259 15376
11259 10688
15374 11259
1312 15623
1312 15622
15635 304
1312 15465
15624 1312
5767 1312
6813 15841
9555 14603
266 14457
4344 14966
4344 950
15206 1312
15210 11434
15207 2409
1312 3368
10533 922
266 14866
2163 4344
289 291
2713 10425
15777 15783
13199 2928
9835 5364
15194 6057
6057 13180
15644 2409
15197 5540
15191 15199
11434 15485
6057 6756
6057 15194
13029 4344
9651 291
8893 11434
15185 2409
11434 923
2763 11434
14711 14654
15530 291
10425 14434
9555 14811
266 235
6768 4344
4261 4344
4344 15147
316 320
6768 4344
362 15432
15359 2409
6768 4344
2409 3715
266 14419
15544 2409
15732 15735
9555 11092
2409 11122
15505 2409
362 15170
15174 362
2164 4344
4344 14894
15165 14654
4513 9555
9589 9541
4525 362
5597 15162
4344 4657
46 1312
8297 291
4344 141
4344 14767
2013 4344
14426 9555
13060 15152
13060 714
7952 4344
6268 4344
4344 14672
1286 4344
6749 4344
2542 4344
9294 4344
15009 15154
1280 4344
10437 4344
1282 4344
1214 4344
12370 4344
15155 1388
4344 15016
6768 4344
4344 1456
6768 4344
12316 15146
12316 15144
4344 1968
2055 7116
4344 11484
12607 12316
4344 15148
6768 4344
12222 12316
4344 14969
378 394
6768 4344
4344 14837
4344 14916
4344 5083
4344 15095
4344 14765
6768 4344
4344 14915
6768 4344
4344 14965
12316 15145
4344 12854
4344 12117
4344 15020
4344 15017
4344 14967
15334 291
15336 304
15149 15143
308 14507
284 205
6768 4344
1807 291
6768 4344
5757 4344
15141 5453
6768 4344
4344 11375
1288 4344
15135 2409
1312 7160
2542 4344
11838 2409
15129 362
6768 4344
291 15451
15132 291
9541 14638
362 15138
6522 291
362 15133
15127 2409
1801 14555
15044 14654
12389 14654
5971 4344
291 15396
266 606
15510 291
14576 1368
1672 9541
9555 9074
6768 4344
4344 14882
2409 2555
15183 362
2604 4344
13990 6212
9071 291
4344 6253
9555 9836
362 22
4233 4344
883 15376
9124 362
10421 2409
15117 291
4344 5152
362 15115
362 15113
15118 291
2409 15119
291 15120
11168 2409
15114 362
1282 4344
1217 4344
966 13691
5597 15108
14726 14707
284 6115
6768 4344
15107 12882
4344 15106
6768 4344
4344 15105
10885 15103
4344 12394
10209 8224
15009 15156
4344 14561
266 6217
11434 11448
1934 362
5453 961
15099 291
11434 8892
11428 362
15490 291
2311 4344
15314 362
362 12483
4344 15211
4344 15213
4344 15212
10885 15097
6768 4344
8451 15732
15208 11434
1359 5540
7607 8551
12321 362
15084 8551
14937 14951
3537 15200
10572 15096
15200 15087
2036 4344
4344 15094
6768 4344
15839 15840
4344 1301
15198 15082
12169 291
4344 14954
6268 4344
1048 4344
4344 13546
191 8182
4344 15093
15065 15060
1046 4344
14660 304
1280 4344
15368 362
14839 11434
2100 10209
6768 4344
13381 362
15072 362
15077 1312
15078 1312
6184 2409
9555 12650
291 15343
1388 14736
4344 5152
13905 1312
9555 4658
15417 362
4344 15091
2928 13359
266 214
15249 2409
6768 4344
4344 12315
2409 3216
15516 1312
5971 4344
1312 10827
15519 304
15059 15065
9635 14632
4344 13377
6768 4344
9967 15064
15064 15062
266 14863
8776 15009
4576 15064
4344 13377
11857 14826
1058 1757
14683 291
378 10585
15800 15799
4344 5577
3270 4344
4344 14512
4344 15054
13627 11434
9555 180
4344 15052
2786 1388
6768 4344
6768 4344
15050 15057
6768 4344
15296 10089
7967 15057
15047 8135
15149 5496
6768 4344
199 362
8135 15048
8135 15049
4344 14480
1283 4344
6768 4344
15041 9541
284 218
15602 304
266 241
15659 2409
15045 14654
298 300
2604 4344
291 15311
4344 1475
9555 2609
14913 10803
4344 9715
9149 14654
6768 4344
6768 4344
194 1368
4344 11982
4344 14429
10433 14296
2787 4344
2787 4344
13990 15034
15159 304
6768 4344
9338 13990
4778 7062
6768 4344
13990 3431
13990 15028
15004 13060
13990 10651
15037 15030
9555 13651
348 3598
1605 4344
15218 362
15785 12522
6768 4344
9555 939
15240 362
6768 4344
6768 4344
6768 4344
4344 15013
6768 4344
266 14584
6768 4344
12566 12255
4344 15021
266 14577
5836 12255
6768 4344
4344 6944
4344 15024
6768 4344
8374 4344
1443 4344
6768 4344
4206 4344
8374 4344
1363 4344
15003 4679
266 14594
13817 4344
1363 4344
10209 10665
15000 4679
1486 4344
6768 4344
4344 5445
15591 1312
15000 15006
15038 15031
3205 4344
3496 4344
4664 4344
1283 4344
6768 4344
284 2113
7088 9942
6768 4344
15546 2409
14316 7088
72 2409
11157 4344
6768 4344
15107 12882
5025 5575
12756 284
4344 3929
4344 13866
15073 2409
4344 15013
6768 4344
9555 182
308 11271
6768 4344
308 14980
308 6979
6768 4344
15358 2409
4344 1954
6768 4344
6768 4344
4344 10907
4344 1954
6768 4344
4344 14983
6768 4344
6768 4344
6768 4344
6768 4344
308 14977
130 291
266 242
13060 7501
6768 4344
191 14611
1368 3751
14972 10108
922 13087
14550 266
15199 14037
69 14963
4344 11350
6768 4344
3896 14960
14961 15198
14962 7035
4344 13123
4344 14119
2540 69
2409 4228
3896 14960
6768 4344
6768 4344
15116 11434
4344 1301
6768 4344
5025 14955
4344 276
15290 4344
4344 276
15069 2409
5674 304
6768 4344
7285 14902
14746 14945
14425 14430
337 335
1370 4344
4344 14949
14940 14748
14749 14941
14745 14943
4344 7565
6768 4344
191 14539
14747 14944
14748 14941
4344 14125
14746 14936
7764 4344
1316 4344
14745 14934
10425 14789
266 13193
4344 14828
15065 15060
6768 4344
2055 15765
15333 291
15008 15151
4344 15023
4344 6854
6768 4344
4344 14921
6768 4344
9403 1312
4344 14928
6768 4344
14654 14931
6768 4344
6768 4344
6768 4344
4344 14927
6768 4344
14654 10480
2992 316
1324 14654
4344 15023
6768 4344
6768 4344
6768 4344
6768 4344
4344 14920
6768 4344
6768 4344
4344 13212
6768 4344
6768 4344
6768 4344
6768 4344
6768 4344
12068 11434
15076 291
6768 4344
6768 4344
6768 4344
6768 4344
4344 14926
6768 4344
6768 4344
4344 7009
6768 4344
9555 12057
14909 14917
1289 4344
1289 4344
15171 291
14917 12206
14668 11434
14917 14912
14911 14917
6768 4344
14892 14903
14725 10958
4344 14895
11781 9201
4344 14897
10335 9541
4261 4344
4344 14724
187 6631
4344 15055
6768 4344
13355 15982
645 9635
4344 14897
6768 4344
14902 11650
6768 4344
6768 4344
266 14875
266 14877
266 14864
14478 14879
266 1792
266 3453
6768 4344
266 12888
266 14878
4344 14898
308 14979
266 14859
4344 14929
13990 4258
4344 14672
15263 9541
14620 291
4344 14923
9022 13691
14136 2409
9019 14858
14847 7156
14858 14848
14654 9256
11857 8679
6749 4344
7156 14842
6768 4344
9206 4344
14856 14654
4344 14851
457 362
4344 14777
14841 14836
4446 14835
4344 14985
4446 14834
14831 4446
14833 14841
4692 4344
15587 1312
4344 11484
4344 4893
11857 14818
4344 14664
4344 14894
9635 14632
11857 14822
11857 14816
11857 6222
15280 15298
996 4344
4206 4344
10425 14103
1368 14804
4344 14995
191 14803
4344 28
9555 14334
191 14788
3751 9555
378 12683
9555 4546
4344 4178
9555 14801
191 14792
191 14797
9555 14807
9555 14787
10425 12204
304 15320
191 9960
14799 9555
10839 9555
15315 2409
6768 4344
8907 11434
6768 4344
6173 7278
980 4344
14549 7278
4344 2229
4344 14777
15496 304
14773 7801
14586 362
7278 14770
6768 4344
14781 14769
14781 8985
13863 4446
7088 9942
15214 9541
266 14531
13990 14757
14296 14752
13797 14759
15039 14758
15752 304
6768 4344
13797 14763
6768 4344
15423 291
13990 14755
13579 4344
1816 14827
14646 14768
14768 14761
14693 304
6768 4344
2409 11021
15007 14729
681 9965
574 4344
14734 681
304 9093
6726 14745
14728 14747
304 15558
15009 15150
15006 14738
1388 14728
6768 4344
15007 1218
15006 14729
1388 14736
266 14467
9555 57
14737 14748
6768 4344
4344 5079
15514 304
14902 14885
6375 7156
13150 14745
266 14867
14715 14726
14950 8190
14951 6913
12000 14722
14951 14723
14719 14725
14720 14726
9058 485
266 14592
14718 11781
11781 8190
14726 13521
14951 14721
14712 14950
9555 7702
14726 14717
14950 6754
14950 14713
485 13128
4344 782
14701 14703
15098 5453
3610 2409
10885 15737
4344 140
4344 350
5597 15108
4344 11332
4344 84
4344 10199
13990 8174
4344 14814
4344 6406
4344 2003
4344 8127
13797 2759
4344 13153
15167 291
4344 782
4344 4545
4344 14238
5537 4344
6768 4344
4344 7
378 862
9555 14508
9512 4344
2055 5776
8557 4344
10373 4344
4344 14518
4344 14888
6768 4344
9555 17
1043 4344
15688 304
9541 15476
4527 291
1312 9184
362 668
4344 13626
14694 11434
14696 11434
14359 14951
6886 11434
15298 9469
4344 9946
304 13435
4344 13825
14689 2409
14688 291
4344 14682
14950 12619
9555 14810
4344 13628
15177 304
4901 4344
782 4344
15007 1218
777 15096
14684 1312
15350 362
4344 14924
378 14932
15724 15376
15612 15811
15517 1312
14678 1354
266 14862
6768 4344
5079 4344
4344 14149
11434 2985
266 240
471 378
291 6750
6768 4344
15104 15107
6768 4344
6768 4344
6768 4344
6768 4344
4344 14674
4344 14676
12315 4344
4344 14673
6768 4344
4344 4050
4344 14674
4344 14673
6768 4344
4344 14677
6768 4344
2714 4344
4344 336
6768 4344
4344 3563
6768 4344
6768 4344
6768 4344
6768 4344
6768 4344
6768 4344
6768 4344
681 5843
15792 4204
12541 11403
5597 14666
769 11434
5597 14666
6768 4344
6768 4344
6768 4344
6768 4344
6768 4344
6768 4344
6768 4344
4344 4927
6768 4344
4344 14663
6768 4344
6768 4344
6768 4344
4344 12826
4344 12046
6768 4344
6768 4344
15190 15198
1454 4344
11857 14650
894 11857
14654 14659
14422 12255
11857 10693
11857 479
4296 284
11857 14648
11857 14647
11857 14652
13797 14760
11857 14825
14981 308
11857 6874
4344 1374
14639 9541
9541 14640
6768 4344
6768 4344
14101 12193
4344 9321
13392 4344
5308 189
15305 2409
12651 14631
14637 9541
13754 362
12255 1058
15421 2409
9555 157
6768 4344
9555 1571
7784 2409
291 14621
3597 362
4344 15014
14628 291
14627 362
3697 2409
6768 4344
6768 4344
922 13333
1048 4344
14633 14615
15735 12012
191 10484
266 14598
266 5873
15178 304
6768 4344
14597 922
9555 14596
922 14597
191 3751
6768 4344
191 4477
4344 15090
191 14610
266 406
191 14602
191 7424
266 14600
9555 14608
266 14589
9555 8405
9555 14609
12547 2409
6768 4344
9635 14632
7278 14775
6768 4344
266 9418
266 14582
4344 5431
9994 2409
664 1874
6547 14746
14575 191
4344 11696
284 13932
266 6617
6804 266
6768 4344
12541 11403
14574 5453
1312 14573
9555 4256
4344 491
4344 782
266 14569
266 14567
10425 2979
191 110
1221 343
6768 4344
4344 14562
6768 4344
6768 4344
4344 14563
4344 14886
4344 14559
4344 14560
6768 4344
6768 4344
6768 4344
6768 4344
4344 1077
4344 5561
266 14614
6768 4344
4344 14560
4344 14563
6768 4344
4344 11350
6768 4344
6768 4344
6768 4344
6768 4344
14840 14827
13229 14654
6768 4344
191 105
6768 4344
6768 4344
362 10127
14700 14704
6768 4344
10885 14556
266 55
112 9541
11857 14643
266 14527
4344 1302
4344 14554
15002 15009
2075 4344
191 109
6768 4344
5616 361
4344 14553
2409 15675
15235 362
15638 1312
2409 15415
9555 14544
9555 14542
304 15552
9555 4277
8150 362
266 14536
266 14523
14533 14524
266 1366
7801 13746
779 15574
266 14540
191 14529
266 7515
266 12308
266 12884
14425 14533
14533 11800
266 11727
266 8996
1155 362
4344 14924
15521 304
6768 4344
15374 1137
4344 15022
14830 14840
4344 1302
362 15412
4344 14449
6768 4344
304 15494
4884 2409
1805 291
4344 4657
15039 1328
14950 9374
10425 14515
191 14492
10425 14509
9555 10703
9555 14496
9555 14495
4344 3454
9555 14502
15187 14989
922 4695
10425 14489
14494 922
6768 4344
922 14511
191 12191
1368 14488
9555 12418
10425 14499
4344 15022
10425 3729
191 14516
191 1696
10425 3567
4926 362
15184 11434
4344 15094
284 3134
4344 10188
4344 14852
6768 4344
6768 4344
15619 304
4344 14553
4344 14481
6768 4344
291 14487
7358 291
2409 14485
14482 291
291 8097
6768 4344
266 14460
266 10721
266 14459
6768 4344
15005 15008
266 14473
266 14474
1312 14479
266 4718
266 14464
266 14530
6768 4344
15735 12012
15074 1312
266 14456
4344 14900
266 14454
266 14477
266 6866
266 11082
266 14471
11857 14657
266 14463
266 13391
266 14458
266 7263
266 10172
266 4035
5315 2409
266 14455
266 14453
13598 2409
13684 15612
6768 4344
191 14433
8551 14960
6768 4344
266 13070
266 59
14438 266
266 14435
266 14521
4344 14450
4344 14450
191 14446
1368 14445
6724 4344
191 1640
266 14444
291 1175
1368 14436
6768 4344
6768 4344
10425 14421
6768 4344
266 5815
4344 14428
12012 15735
14423 266
122 1368
10425 9014
266 7511
1368 1179
6768 4344
362 5707
266 14571
6768 4344
15137 362
4344 14987
781 362
6768 4344
4344 336
215 210
6768 4344
6654 14654
266 12026
191 5080
5678 362
2409 8617
14768 6690
4344 7581
15883 15844
6768 4344
4344 13062
266 14583
207 284
4344 14983
466 1312
266 14661
11321 11338
6768 4344
291 15126
4344 15290
315 10028
2312 4344
664 282
1972 4344
27 291
4344 8545
9555 11001
6768 4344
362 6365
9555 995
9944 2409
6768 4344
4344 3
11757 4344
922 4896
11018 2409
1032 291
7035 253
4344 7009
266 244
14654 14930
1327 4344
304 4938
1287 4344
4344 15092
6051 1312
4344 14517
1613 15065
6768 4344
15545 15376
10489 304
15169 2409
9635 14632
4344 14219
15192 15200
6768 4344
266 12179
6768 4344
4344 15053
14574 15141
362 14587
15727 15732
15259 1312
3639 1847
266 13224
15883 15880
6768 4344
15298 14952
6768 4344
14574 3804
1184 13211
9388 4344
5597 6029
131 304
10003 291
266 14472
11816 304
4446 14835
212 1562
11781 14713
11857 14416
1770 191
4932 11056
4344 5271
125 5886
317 4932
6768 4344
500 317
4344 8769
500 1491
500 4184
15413 291
266 14872
15735 12012
5544 266
3569 13303
4344 14558
284 4296
9541 4091
922 10860
9555 14426
1368 14806
266 11438
1368 53
4344 7521
12370 4344
291 10497
11800 14533
15276 10874
4344 12315
2899 4344
10108 14024
11816 12255
11816 1757
11399 2409
15134 291
14935 14950
7156 14842
191 1770
304 321
4344 11346
15573 2409
284 4097
6768 4344
54 191
284 8917
11223 4344
4344 14481
3954 1368
801 291
12184 9541
14651 11857
3177 291
4344 9321
1368 10228
5079 4344
6768 4344
10785 1312
5421 4344
11857 14819
9555 6918
4074 5067
13990 14411
4344 14558
4344 8989
3212 4344
9134 4344
191 14501
15838 15803
14957 5025
6768 4344
5623 354
266 278
12641 2409
7035 3414
6768 4344
15809 5854
15008 13577
15780 15658
295 296
9555 14812
14725 8190
6768 4344
12233 4344
191 14606
2233 4344
5616 362
9555 7105
4460 9555
13110 15376
4344 14677
9555 5816
2928 14906
4344 14428
15085 291
2409 15136
6768 4344
6768 4344
266 14417
2922 14478
14902 14885
2166 4344
3558 11434
1368 14798
14667 304
5623 13205
362 5714
15717 304
1312 15209
15195 5540
15149 8978
378 12218
12218 10283
304 15161
378 380
14776 14781
9555 43
4344 3818
10209 1673
9555 2283
1982 4344
10283 11238
9555 14432
11411 378
4344 10048
10885 14556
2311 4344
14589 266
15419 291
11816 1757
3450 284
284 2113
6768 4344
5850 4344
266 14522
266 14475
6508 4344
1368 14541
2273 4344
266 6158
2409 15318
2234 4344
10209 2884
10209 329
341 6662
6768 4344
4824 304
11684 15149
266 12694
14296 14762
10425 14538
284 9922
6145 15299
10209 365
4344 12249
2372 4344
10209 5871
10209 12037
4344 5244
10209 326
1021 1312
13029 4344
9555 161
9487 10874
7720 4344
6768 4344
4344 6896
9555 11381
266 9687
4344 280
14658 14654
14623 2409
6768 4344
378 10157
14574 5453
9635 378
341 378
7359 500
6768 4344
149 304
6768 4344
1126 1312
4344 4922
14234 304
4344 15289
4344 11867
6768 4344
14632 9635
4344 14986
217 362
1312 48
10209 7369
15068 1312
1388 1218
266 14876
1994 4344
9555 6628
5434 1312
6768 4344
14950 999
191 14593
6768 4344
10162 4344
9635 14632
4344 14702
6768 4344
1172 304
15111 2409
15374 15545
15131 362
1316 4344
266 5343
9555 5527
15719 15376
14691 362
13145 4344
15029 13797
4344 14196
9555 32
4344 2718
120 291
318 4182
6768 4344
2055 15338
681 14727
9555 173
14519 8037
4344 14925
4344 15019
2714 4344
4344 14948
6768 4344
2409 15168
3335 304
6768 4344
9555 5859
4344 12117
15697 13200
10209 1424
9555 169
3804 5453
4344 658
14989 15189
4344 15056
9555 16
191 14514
266 11820
2409 3649
6768 4344
14690 304
13060 15153
1312 11612
6768 4344
9555 158
787 1312
6768 4344
351 349
1465 4344
5070 11434
6768 4344
9555 86
266 13397
6768 4344
6768 4344
1495 4344
6768 4344
9555 2872
9341 304
284 203
9555 14590
378 13038
10436 2409
378 584
4344 5654
14726 14893
291 3018
15122 304
9555 98
1605 4344
4344 13546
12350 2409
6768 4344
4344 14480
6768 4344
10425 3751
4646 191
500 5682
6768 4344
4344 50
9555 15
2227 266
191 14233
6768 4344
2012 4344
6768 4344
862 340
1982 4344
15534 291
15039 15027
1983 4344
4344 14125
6768 4344
15200 3537
9555 3667
378 393
1514 13691
191 14437
14625 291
14774 14781
4240 4344
4344 4320
4344 14975
6768 4344
922 12282
5597 4440
191 115
13990 14754
266 1725
10425 14785
4344 14994
9555 1534
4446 8703
4344 14974
11493 1312
9809 4344
15043 9541
4344 139
1368 14800
15000 15008
13188 2409
5748 250
6768 4344
4344 85
10209 1675
12012 15735
8139 4344
11586 15574
15188 3896
4344 137
13713 1816
11613 291
3072 11434
6768 4344
11434 4654
12398 15200
9555 9561
4074 15776
4344 14566
266 14438
6768 4344
279 14654
11857 14642
1210 2409
14726 999
15374 15613
218 284
248 12255
15701 1312
266 14470
4344 6854
4344 14557
7541 15769
6768 4344
4344 12826
284 3833
284 7297
9388 4344
6768 4344
378 342
266 890
15377 2409
4344 14675
266 613
378 9056
13990 10752
15316 291
409 12130
9555 89
14858 14846
8461 13691
11050 9555
4344 11134
1368 2643
10475 2409
6768 4344
378 12875
266 14535
3183 304
10425 164
576 2409
15804 7958
6768 4344
2370 4344
6768 4344
4344 102
6768 4344
2587 5051
996 4344
191 107
266 14476
378 6647
13719 4344
378 15712
14999 15007
371 374
4344 533
304 8972
4344 14883
266 14568
14421 10425
15163 14654
1801 14555
12123 12255
6768 4344
11434 14698
15173 362
6768 4344
2409 754
78 9555
4344 14744
13392 4344
378 396
14483 2409
15075 291
4344 14565
191 111
14624 362
348 384
6768 4344
13577 15008
15445 291
4679 15157
9635 14632
97 9555
191 14506
15042 9541
14917 14912
378 8403
6768 4344
8582 15887
6768 4344
266 8787
266 14869
15110 291
15468 9541
4344 14780
4150 291
4344 2718
4344 5720
378 12683
6768 4344
191 13850
5850 4344
10844 362
378 8936
362 360
485 14893
11056 9696
15175 2409
11434 14692
6768 4344
6768 4344
15470 15376
14484 2409
5178 7669
6768 4344
2728 9541
191 10225
193 9555
9555 3625
284 4566
6768 4344
9555 14526
14533 11800
378 7161
15374 15689
681 4393
15057 501
4344 14566
378 383
341 11816
1286 4344
14434 10425
378 391
12789 15376
4344 12253
7720 4344
9512 4344
378 398
9555 11842
6768 4344
2312 4344
5616 5973
6768 4344
266 3423
6768 4344
304 15520
4344 8769
281 12060
4344 49
14996 15007
4344 3443
6768 4344
14992 7088
4344 14993
1486 4344
4344 6295
14748 4393
4344 15052
14950 14710
6768 4344
500 312
362 15223
250 2651
4344 1181
6768 4344
9555 14504
15575 2409
15299 15273
5537 4344
9555 9921
4344 13123
6768 4344
1327 4344
6768 4344
4344 10907
9507 10425
266 14462
308 14982
11816 8436
6768 4344
5022 1312
15297 11522
6157 4344
4344 15055
5012 304
304 8957
14415 362
1640 191
304 8607
13100 15149
2979 10425
15568 362
7297 284
1801 14574
291 15433
1312 4970
15735 15732
6239 11434
14619 5057
9555 5480
4344 14766
14903 5644
7187 66
5467 4344
266 247
11857 14824
2327 11434
8570 14902
5540 1359
862 5828
191 119
191 1957
266 233
14685 1312
8220 15295
4344 14884
9555 1891
10209 8339
6322 14903
4344 14985
291 15109
6768 4344
15572 2409
191 14546
11373 4344
266 5610
266 14468
6768 4344
191 14799
6768 4344
347 1312
6768 4344
284 226
15366 291
362 13849
266 6166
4344 8219
6768 4344
4344 11129
14990 2409
266 3585
9865 362
266 4012
6768 4344
14184 2409
15064 13824
9555 13301
378 12033
378 400
4344 14953
9555 6020
4344 1456
5467 4344
15193 3896
1043 4344
4344 10012
15404 362
6768 4344
6768 4344
9635 14632
6768 4344
14731 14748
9555 31
10209 6908
6645 4344
378 2740
284 24
4683 11434
266 4573
1730 362
6768 4344
266 5855
352 1673
11857 14641
7278 14772
15033 291
6768 4344
6768 4344
15293 1988
6768 4344
922 14498
13658 291
4344 15092
14903 6477
6768 4344
4344 14854
191 113
14732 681
2409 15422
266 272
12591 308
4344 76
1981 4344
12872 2409
284 778
304 1561
266 14873
14748 7028
6855 922
6768 4344
6768 4344
266 3984
222 362
2409 7102
4344 4444
266 602
2234 4344
1368 14808
378 531
4344 14512
15735 12012
5453 14574
6768 4344
13990 14751
4097 284
4344 14949
10540 6057
4897 5597
378 348
4344 3270
9635 14632
14635 2409
205 284
10425 5098
2409 13371
6768 4344
12539 12255
284 4958
9541 15264
2164 4344
15491 291
266 1347
6768 4344
4344 14946
6768 4344
4344 14922
15374 2481
4344 408
15537 291
266 9656
6645 4344
9555 29
15383 362
348 386
389 390
6768 4344
4344 139
9555 14591
6768 4344
12087 4344
10189 4344
4344 77
2928 14906
9555 37
284 12432
12316 15145
266 14465
6768 4344
4344 14743
9555 478
1772 1312
192 1368
9541 15460
6768 4344
4184 6096
191 14490
10803 14905
6768 4344
388 577
348 4701
348 385
266 14402
339 338
10425 6407
4344 14119
4344 14742
14950 14716
15261 362
5510 5553
6768 4344
6768 4344
1214 4344
2163 4344
5623 1191
4296 284
2992 315
9555 14424
6768 4344
10189 4344
266 5069
6768 4344
15196 15198
4344 14561
304 11379
3055 4344
266 12850
378 381
9555 61
266 3312
4344 5654
218 284
4344 75
10927 189
5623 309
9555 65
304 10730
1047 4344
71 11434
6768 4344
15384 362
1051 1312
4344 11982
6753 291
266 14466
917 266
14726 8948
376 378
378 11576
13990 14750
12233 4344
6768 4344
15500 291
1368 14441
6768 4344
4344 14671
6768 4344
266 10881
6768 4344
11268 304
8557 4344
6768 4344
6768 4344
1312 1699
922 14493
191 170
15234 2409
6768 4344
6768 4344
4344 14921
266 14605
7415 9555
4344 15106
6508 4344
9037 15199
1312 129
5597 15124
1 304
4344 77
9555 42
4658 9555
12255 1058
4344 14517
15220 362
15435 362
5601 4116
378 4344
4344 11148
7278 14772
6768 4344
3568 209
9555 12011
4344 12757
485 8948
15685 1312
6407 10425
4344 14887
10209 5422
10209 363
15805 15734
1312 15477
5616 14340
14956 5025
1312 15201
266 14439
2820 9541
284 204
10437 4344
191 14447
15735 15725
266 11099
4344 5271
3070 9555
8211 191
15325 362
14176 2409
9555 45
15656 2409
6768 4344
7952 4344
266 11743
10462 291
15607 304
1312 15673
2100 10209
15593 2409
3569 124
6768 4344
6099 266
6768 4344
5988 362
15199 15088
4344 14676
4344 3869
353 1673
11857 14656
13990 8753
6768 4344
6768 4344
14296 14753
4344 936
6768 4344
6157 4344
304 15553
6768 4344
191 505
6768 4344
348 2269
14574 961
6768 4344
1215 4344
13944 2409
4344 10850
4344 14927
574 4344
378 5679
5843 681
266 14570
378 364
266 14871
4344 6227
4344 5445
4344 10048
14988 14989
6768 4344
291 15172
10209 333
4344 6227
6768 4344
6768 4344
362 10824
14857 14654
2314 4344
9340 1312
15128 362
15686 304
15385 2409
1047 4344
6768 4344
191 10502
266 14452
266 176
15176 2409
191 178
2899 4344
6768 4344
5556 266
6688 11434
974 2409
284 12756
4344 14838
4344 14923
9555 7514
9555 12534
5777 11434
4344 3055
15233 1312
7988 12255
9555 93
362 9301
191 14809
378 399
266 239
266 547
262 291
1368 3954
14153 15031
5597 6029
9555 4941
6768 4344
6768 4344
6768 4344
6768 4344
1593 15981
291 2293
196 291
9555 34
15166 14654
4344 14675
9555 10460
2117 4344
6768 4344
15026 1312
14735 291
266 752
9425 1312
259 291
291 13728
15007 9717
1312 1178
4344 14920
9555 39
6768 4344
266 12294
257 10978
266 8661
4344 15024
2949 2409
10425 8086
8934 9555
6768 4344
304 303
2166 4344
1218 14749
3205 4344
6768 4344
15205 291
14420 922
9555 2238
11434 15388
266 14860
9555 30
9555 14612
4344 14994
15574 15376
15759 15758
15518 1312
15390 291
9555 956
11857 5082
9555 33
170 191
1368 14443
4344 14896
4344 14968
922 14528
15295 15275
2023 4344
15507 362
9555 9540
9555 1004
362 15453
922 3751
6768 4344
6768 4344
4344 12046
4344 14928
8139 4344
6768 4344
11223 4344
4344 14559
6768 4344
2440 4344
14414 362
4679 15151
191 14791
15356 291
1368 11766
15225 304
15361 11434
15463 9541
15064 15062
284 6339
1368 12086
6768 4344
9555 3761
6768 4344
922 14795
4344 103
922 4459
9047 2409
10438 6057
1312 2581
377 362
6768 4344
1368 14805
10209 355
4344 6316
14084 291
1312 15703
4344 14671
4344 14562
4344 14767
4344 4893
6768 4344
266 269
266 13921
90 9555
266 8568
266 245
4344 7191
266 1522
304 15687
266 243
266 231
266 246
266 12496
266 8022
266 1393
229 270
11157 4344
4344 13628
1488 2409
266 268
266 168
266 4564
5597 15124
4459 922
2273 4344
9555 143
4808 1312
9555 8571
266 238
6339 284
284 8917
681 14733
4344 2229
6768 4344
14901 11434
5623 1920
4344 13062
4097 284
1371 4344
14251 4344
11140 362
284 9922
6768 4344
9555 1164
284 814
13051 291
6768 4344
266 4640
203 284
6768 4344
284 814
284 225
284 6071
266 14865
53 1368
15424 1312
15112 2409
284 12756
6768 4344
6768 4344
14903 6477
6768 4344
1368 14103
1983 4344
5622 362
191 4646
4344 936
15096 14397
6768 4344
6768 4344
266 11539
15035 13797
6768 4344
284 224
284 3833
4344 11171
8319 14654
4344 14984
191 167
6286 4344
1312 2339
117 266
5597 15162
1264 191
266 5990
15346 2409
12285 362
714 13060
266 2048
266 14537
9555 7271
252 9541
4344 83
14740 14747
6768 4344
348 387
4344 14196
13687 15298
9635 301
6768 4344
1495 4344
132 291
9555 35
266 9229
6768 4344
14574 15375
14251 4344
15554 304
14910 2928
2016 4344
6768 4344
14695 304
4344 14987
266 14881
6768 4344
73 11434
3511 1312
15428 291
4344 14914
2849 304
11051 14409
284 207
4344 12253
198 304
362 2405
15550 304
362 197
14746 14936
4344 9219
4344 6
13817 4344
2016 4344
378 2261
362 12704
284 203
9555 8240
8597 15039
15040 9541
6768 4344
2440 4344
4344 13866
195 10425
2409 14622
2013 4344
15284 15294
2011 4344
4757 14618
537 191
2011 4344
4901 4344
4344 3443
6286 4344
2015 4344
284 23
4344 7581
2370 4344
266 14520
2015 4344
6768 4344
6768 4344
2713 922
11857 14823
13394 266
372 371
6768 4344
362 1298
1368 14784
15493 1312
3055 4344
6768 4344
6768 4344
9555 165
2409 3830
4344 280
4233 4344
15886 5947
4344 14565
4344 14724
291 14630
284 6339
4344 14895
15409 362
266 9552
15071 362
4344 12757
267 11434
9555 100
6768 4344
6768 4344
151 2409
284 13932
4344 6944
4344 14764
14697 304
4344 14851
15745 1312
9555 413
6057 13180
304 5405
191 108
15767 304
4344 85
15883 704
15442 291
6768 4344
2146 14296
266 14580
15456 291
4344 14922
3023 9541
6768 4344
6768 4344
15151 4679
15009 8776
15440 291
4344 4040
6867 4344
6768 4344
5601 3396
6768 4344
6768 4344
4344 14564
266 14469
4344 14853
10885 3638
15539 1312
15352 15878
14768 6690
6768 4344
9555 14510
304 12300
14654 10988
6768 4344
266 156
266 160
1312 3730
191 742
4344 5244
922 9210
922 1759
6768 4344
922 10456
9555 14588
15779 15887
6768 4344
4888 15297
4344 9715
4344 5561
6768 4344
9555 1281
10425 58
9555 163
645 9635
266 236
14958 7035
15397 2409
6768 4344
11434 153
7924 362
15199 1359
378 4981
5757 4344
3896 14961
7764 4344
6768 4344
284 4296
266 117
9555 10360
378 513
8579 6246
15140 291
2409 2486
5421 4344
15160 304
150 1312
15065 4934
4344 14778
11857 10423
4344 142
15198 15083
13990 11224
203 284
2651 12210
362 4881
13073 304
266 13187
9555 60
6867 4344
4344 10182
205 284
6768 4344
10108 14973
14855 14654
9555 4596
10425 14796
204 284
207 284
14746 14943
145 9555
11762 15815
2409 11935
15011 12255
6768 4344
6768 4344
6768 4344
9555 4253
2117 4344
14699 304
4344 14451
266 6702
11563 266
12251 304
6768 4344
284 3450
4779 1312
15278 15297
6768 4344
997 13990
6102 362
10803 14904
2249 1312
1312 134
304 12277
5862 1312
2696 304
14140 291
15449 362
2075 4344
348 6315
2165 4344
8496 4344
1312 15511
2314 4344
10162 4344
3569 8718
1368 14547
3569 123
3212 4344
3569 8718
2022 4344
14726 484
2165 4344
9555 7320
15032 15039
1972 4344
13 9555
14747 7787
6768 4344
2018 4344
15345 2409
2018 4344
11434 3288
1981 4344
9555 11793
4344 14966
4344 3869
5663 2409
4344 142
284 4280
284 2761
362 4565
6768 4344
14950 14708
6768 4344
284 25
284 3383
15536 291
15353 291
9555 5881
191 106
104 6999
9541 8518
9555 8674
291 15425
9555 7021
6768 4344
14942 14749
9555 12738
14669 304
4344 4040
4344 13293
191 7243
9555 8970
9555 12464
6768 4344
6768 4344
15843 5854
6768 4344
15100 2409
1312 15401
6768 4344
9555 2942
9555 2920
9555 12606
4344 103
191 4790
9555 99
9541 3820
6768 4344
6768 4344
15708 15709
15374 15595
6768 4344
11139 9555
6768 4344
7801 14771
9555 87
250 15839
284 2063
14585 362
9555 12
10209 332
6768 4344
9555 79
6768 4344
11857 14821
266 12171
6768 4344
6768 4344
15498 291
284 7297
11857 14644
4529 291
10373 4344
4344 15015
11529 11434
14747 14942
388 1294
291 5821
8258 9555
6768 4344
5886 13426
4344 7249
6768 4344
9555 12921
6768 4344
6768 4344
191 54
9555 3479
266 14461
191 546
6768 4344
6768 4344
9555 56
3496 4344
6768 4344
6768 4344
266 10113
6768 4344
266 12904
4344 50
14296 14751
4344 155
9816 266
4344 76
15569 291
9555 3178
9555 5531
6768 4344
15450 291
6768 4344
11857 14645
9555 14809
9555 11198
922 951
9555 38
4344 14548
4344 14828
9555 7458
5552 14478
15276 5886
9555 40
9555 183
15309 291
12063 67
4344 14557
15475 1312
11857 14815
14939 485
6768 4344
10885 15097
3450 284
6768 4344
4344 14889
284 778
14997 15009
9555 4073
5601 14844
284 8263
6768 4344
1288 4344
9555 11
4344 6116
4344 5
14917 12544
7049 15574
128 3569
9555 8962
15374 7610
6768 4344
14 9555
6768 4344
69 6732
7188 4344
6768 4344
4344 12328
5439 362
6768 4344
4344 5
11051 10060
6768 4344
6768 4344
15340 2409
11199 15107
284 23
6768 4344
6768 4344
191 14599
15529 2409
14840 14827
2846 304
14725 14891
15543 2409
4344 14995
4344 49
266 4825
6768 4344
4344 7521
9555 4170
4664 4344
6768 4344
14296 11882
284 218
4344 11696
6768 4344
14412 304
304 14413
4344 14448
6768 4344
6768 4344
1403 1312
284 205
308 14976
7297 284
6768 4344
12354 346
6768 4344
11857 7673
15643 2409
13719 4344
11857 14649
9555 14543
5682 319
14418 1368
6768 4344
15838 15837
191 7963
6768 4344
15668 2409
14843 7801
14934 14745
15216 291
15222 11434
9555 14786
13540 2409
8567 291
15221 2409
15567 362
9555 4948
14574 5453
266 14534
6768 4344
6768 4344
362 15219
10914 304
13797 11224
1217 4344
4344 14779
12087 4344
15317 2409
4344 15290
15228 304
304 15226
5448 304
4344 12415
266 14525
14970 10108
15231 9541
13058 9541
15287 15296
8002 304
10964 304
15236 291
774 362
15237 2409
15242 291
291 2668
1287 4344
362 13674
15238 1312
15241 2409
2188 291
9555 3956
6768 4344
6768 4344
304 15158
266 232
6768 4344
4344 14890
10062 362
14629 2409
2409 15257
15254 2409
9555 2353
12062 14858
9555 10364
4344 14572
15245 291
10985 2409
15256 291
4344 3035
291 15252
15251 2409
362 15255
15260 291
15258 2409
2409 15253
291 15248
14730 14746
4344 14986
284 4097
15601 304
2409 15592
4344 1374
5095 304
304 15600
14574 15098
266 522
284 6063
15265 9541
15180 9541
10878 2409
2232 4344
10425 14497
291 10593
10853 9555
3569 127
6768 4344
362 579
11956 1312
7958 15802
15473 11434
2233 4344
10425 14782
14841 14836
15268 291
15267 291
11857 14817
284 225
11434 5852
3742 1312
148 304
5427 13664
284 207
15434 291
15304 2409
6768 4344
4344 15289
6768 4344
6768 4344
15292 11895
4344 1097
15288 15292
4344 7590
15287 15292
4344 7590
6768 4344
6768 4344
15279 15293
6768 4344
4344 5495
5747 15300
15284 15296
6768 4344
10874 15284
291 287
15617 1312
6768 4344
4344 5495
6246 15285
15276 15294
15283 15300
11996 15299
15294 15286
15271 15295
125 15302
6768 4344
15283 15302
15281 6246
15302 11687
10874 15284
266 230
11757 4344
15775 15772
2409 15232
4344 11346
14533 11800
14141 15293
9910 10803
13579 4344
9871 362
4344 14947
1611 1312
6768 4344
324 2929
6382 9541
8411 15574
1368 11071
9555 1939
266 9816
4344 15063
15064 15061
2012 4344
4344 14975
9555 1470
8164 362
3100 362
4315 291
6768 4344
15720 15376
6768 4344
6768 4344
15732 15730
15566 291
11857 14653
308 14978
13531 2409
2195 304
1227 362
2409 15313
15308 362
15310 362
291 15312
4344 3454
15319 291
14726 13521
15307 2409
10425 14793
266 14442
4344 14926
8911 362
6768 4344
9555 4792
9555 5544
4344 3563
6404 4344
9555 7806
9555 41
10885 3638
12284 3569
4344 11121
5683 2409
6768 4344
266 14532
308 14976
15808 15807
1312 7072
9541 1292
15086 1312
15394 362
266 12297
266 234
15326 362
1312 9164
15331 2409
15327 1312
15329 1312
15328 2409
15330 1312
3404 291
266 8783
6768 4344
2372 4344
14989 15187
284 12432
15722 15376
14845 5601
12577 2409
9555 14500
10100 2409
15335 362
7590 4344
15070 362
14950 14705
4344 15291
2409 15012
15349 291
15341 291
15344 11434
3471 4344
8582 14519
9847 2409
362 11371
2409 15342
4625 291
15347 362
362 15348
6190 362
12686 11434
9555 9052
5542 304
701 9541
9721 362
14680 266
9555 1918
11434 15364
9555 1803
2409 10547
9404 362
14938 11781
13990 7786
9555 1729
4344 15148
47 1312
1394 4344
191 14595
362 14626
4240 4344
15322 11434
14430 14425
15224 11434
3282 13691
1371 4344
378 15738
6768 4344
15376 15374
2409 13099
304 15373
15883 15483
5268 15884
378 334
291 9419
14998 13060
15227 304
362 15360
14686 362
13417 14725
4344 4894
9555 14545
6768 4344
15355 362
15357 291
2409 15354
15492 362
266 14431
4344 1429
6768 4344
15375 5453
15603 304
15560 15574
9199 291
1368 3417
6768 4344
15371 304
4344 15147
266 14861
5248 9555
9987 11434
6768 4344
6768 4344
13990 14756
6246 15272
1465 4344
8024 11434
11434 15362
15363 11434
201 2409
15399 2409
15365 11434
14636 14634
922 171
191 14197
15369 291
266 14670
15367 362
9555 114
4344 2592
1370 4344
7188 4344
2409 14486
15009 15150
14391 291
6768 4344
15372 304
6320 304
15374 15376
15374 15376
15374 1418
15374 15376
6768 4344
11857 14655
200 362
15300 5085
4344 51
4344 14984
9555 520
6768 4344
11319 2409
15562 15574
9635 14632
13995 2409
15379 291
8035 1312
12923 291
9501 362
21 362
6768 4344
6768 4344
4204 15757
15080 362
10636 291
6768 4344
11321 12412
15609 2409
4344 15036
11748 15814
15416 291
4344 14899
603 2409
3641 373
8692 291
9555 1728
10068 5453
15381 291
15502 362
5727 11434
291 15269
3949 2409
15303 1312
15392 2409
11434 10133
15513 304
15389 9541
15391 9541
15393 362
7540 362
11901 291
13047 11434
451 291
1312 14045
171 922
291 15387
14654 10571
15669 15774
362 15386
13276 11434
14151 362
362 15239
15838 7541
15398 362
6768 4344
2969 362
304 15606
15403 2409
15402 2409
15405 291
15400 304
4759 1312
4344 1181
10687 304
15735 15725
6768 4344
15407 291
6768 4344
15411 2409
15410 362
4188 15841
15406 291
4932 2992
284 224
15374 15583
15182 2409
15735 12012
6768 4344
922 14494
15418 362
15784 15669
291 15420
11986 362
5225 2409
291 10394
362 6414
9456 1312
6768 4344
15414 2409
362 13823
15427 2409
362 15430
2722 2409
15431 362
15274 2409
1451 1312
15426 291
9555 6779
1444 2442
362 10637
15429 2409
2409 480
7801 14771
4344 11226
14858 14849
15139 2409
4344 14554
26 13679
3724 2409
10131 362
4344 14925
291 15446
2409 2429
15443 362
362 15441
15439 2409
9986 2409
13001 304
284 3134
3471 4344
15066 2409
15454 2409
4344 75
11898 15376
6768 4344
11462 362
15448 2409
2409 13209
15452 362
291 15324
9555 2868
15293 15282
15455 304
9718 304
6768 4344
9555 14679
378 397
5930 2409
14880 1312
4344 1723
15457 362
1254 389
15458 362
10697 1312
266 14870
15444 291
949 291
266 6637
258 299
9555 954
15526 291
15461 9541
13721 9541
15462 9541
9541 15464
15880 15879
895 13186
7128 304
6768 4344
3833 284
9134 4344
14681 9555
14726 14706
9 9555
9555 14343
191 11304
9555 14601
7971 291
7035 253
4344 14813
13145 4344
9555 1760
5788 304
5776 15792
500 409
6768 4344
6768 4344
284 6071
378 13269
11726 14654
15467 9541
6768 4344
191 8914
4344 4
4344 13293
15471 11434
15374 15470
15376 1418
2561 2409
15472 9541
2727 9541
15215 7741
15842 15838
69 6732
4344 11129
15481 9541
4344 15018
10885 15103
15478 1312
8928 1312
15512 1312
15482 1312
9541 15480
1312 15479
5597 15739
378 10859
12012 15735
15374 883
4344 14664
4344 1065
11766 1368
9555 14513
4344 14741
11850 9555
378 10211
11227 1312
4344 14564
14029 362
291 15339
3661 2409
133 1312
4344 6316
4344 15036
15438 362
9555 11653
14362 1415
291 448
14950 14714
15079 1312
15487 11434
266 9208
4344 14663
6768 4344
15488 11434
11434 15486
15447 11434
15489 11434
2023 4344
15046 8135
304 3858
15499 2409
1045 304
15186 11434
10425 9928
2409 12988
1617 1312
450 9541
5597 15025
266 14440
1368 14790
8311 304
266 12241
15107 8686
266 14613
15599 2409
266 63
15670 2409
9555 14491
6768 4344
4344 10439
9555 14503
1052 15006
14829 14840
15246 291
15579 1312
266 1024
6768 4344
11857 11860
3761 9555
6768 4344
291 15130
15497 304
15495 304
3751 191
3908 2409
6768 4344
6768 4344
10803 14904
15839 6813
6768 4344
15164 14654
4344 14853
7957 304
6768 4344
14478 14874
291 3947
362 15501
15509 291
15508 362
15684 2409
15700 1312
4344 14427
15504 11434
4344 11226
8280 362
1368 14802
291 15503
9555 14505
664 283
8135 15049
15748 15777
6768 4344
13366 2409
1029 304
15474 1312
1368 13973
6768 4344
980 4344
4344 15291
4344 2592
378 379
291 15243
6768 4344
1454 4344
6768 4344
4344 14852
4344 4519
14739 14749
15437 2409
4344 6435
14959 69
15577 304
1303 1312
5435 1312
9541 11579
3270 4344
4207 2409
14425 14430
11857 14820
15522 304
1368 14418
15582 2409
15528 362
11434 15527
9049 9541
11721 9541
11434 7171
15525 1312
6768 4344
14919 362
15533 362
291 15531
15532 291
362 15535
5597 15025
15538 362
13990 7786
8551 10525
6768 4344
266 14578
5067 15779
266 2292
7115 304
11148 4344
4834 4344
4344 12328
11800 14524
2036 4344
4344 28
8015 2409
378 2912
6768 4344
15250 362
5597 15742
6768 4344
592 11434
15883 14167
4058 19
6768 4344
3400 2409
11911 291
14832 14841
1312 15589
4344 10353
9635 14632
191 14604
15378 362
8551 10525
2409 15541
266 14579
15542 2409
14687 291
12041 2409
2409 202
266 3693
5540 15089
3781 1816
12255 1058
2481 15376
6768 4344
1443 4344
1994 4344
14478 14879
6768 4344
6768 4344
6768 4344
12172 362
4344 11375
291 6041
6768 4344
12256 304
15551 304
15548 304
15549 304
6768 4344
2232 4344
11857 2535
4344 557
2409 13259
4344 4927
4344 4320
1046 4344
6768 4344
6511 291
15181 291
304 9968
14574 10068
9555 116
14555 1801
15555 304
3833 284
15556 304
6768 4344
2022 4344
2170 14989
1816 14827
291 427
15096 14397
15374 11898
266 13761
15695 2409
500 318
9635 188
5083 4344
272 266
9809 4344
1120 15376
15374 1120
12098 304
15557 304
15559 304
15374 15660
1312 607
15564 15574
15561 15574
15563 15574
13035 15574
15436 362
266 5303
14951 6888
15408 2409
15570 11434
356 291
5025 5575
2928 14907
204 284
14749 14942
15057 15051
2409 10831
15247 362
1209 2409
266 14581
6768 4344
2409 15058
15374 15574
5597 3047
2409 15578
15576 304
1312 15641
15179 2409
2409 13505
15096 14964
15202 1312
4344 15021
340 10209
15217 2409
266 14868
13750 1312
4344 2288
15585 304
1368 14794
15374 15584
15584 15376
1312 15588
15506 11434
10702 1312
15583 15376
15586 304
2 2409
6339 284
9294 4344
7384 291
304 11557
5701 1312
266 7636
10108 14973
2409 5084
255 9555
8349 1312
9555 14783
15321 11434
15595 15376
15596 2409
15732 15728
121 304
6768 4344
6768 4344
4834 4344
15597 2409
15651 15376
61 9555
2409 15395
1312 15598
2393 1312
9045 2409
6768 4344
6768 4344
15605 304
15332 304
304 15604
9091 1312
12424 2409
5597 4440
15610 2409
15515 15608
1215 4344
9555 3751
249 4940
2409 1907
2409 15655
11781 14709
15611 1312
2426 2409
15618 1312
4344 9949
9555 166
6768 4344
6768 4344
6768 4344
6768 4344
15613 15376
6768 4344
284 204
11666 14768
8496 4344
378 15712
9555 10
9555 7547
266 14679
266 11563
14850 5601
6398 362
4074 5993
15735 15725
15382 291
11630 304
15616 1312
6768 4344
6768 4344
10652 291
9635 5847
6768 4344
284 3450
266 237
14917 14908
266 14607
9206 4344
